0 1226 488 629 722 955 822 665 857 496 608 973
1226 0 738 1233 504 271 476 561 779 730 618 631
488 738 0 895 464 575 820 203 1123 456 520 975
629 1233 895 0 729 962 829 692 808 503 615 980
722 504 464 729 0 233 356 261 659 226 114 511
955 271 575 962 233 0 245 372 548 459 347 400
822 476 820 829 356 245 0 617 303 364 300 155
665 561 203 692 261 372 617 0 920 253 317 772
857 779 1123 808 659 548 303 920 0 667 603 172
496 730 456 503 226 459 364 253 667 0 112 519
608 618 520 615 114 347 300 317 603 112 0 455
973 631 975 980 511 400 155 772 172 519 455 0
