0 356 425 326 374 1194 654 670 804 171 743 798
356 0 781 410 730 838 738 436 448 447 659 442
425 781 0 603 119 1619 911 1095 1229 334 794 1223
326 410 603 0 552 1016 328 492 626 497 1069 620
374 730 119 552 0 1568 804 1044 1178 283 743 1172
1194 838 1619 1016 1568 0 764 524 390 1285 825 396
654 738 911 328 804 764 0 302 880 825 1397 544
670 436 1095 492 1044 524 302 0 578 761 1095 242
804 448 1229 626 1178 390 880 578 0 895 517 336
171 447 334 497 283 1285 825 761 895 0 572 889
743 659 794 1069 743 825 1397 1095 517 572 0 853
798 442 1223 620 1172 396 544 242 336 889 853 0
