0 565 361 1174 380 978 845 1053
565 0 250 709 665 513 280 968
361 250 0 813 415 617 530 718
1174 709 813 0 794 196 785 463
380 665 415 794 0 598 945 673
978 513 617 196 598 0 751 497
845 280 530 785 945 751 0 1248
1053 968 718 463 673 497 1248 0
