0 941 627 394 1009 285 440 973 734 837 400 750
941 0 440 547 274 656 827 106 689 104 643 191
627 440 0 495 382 342 955 346 1129 500 329 631
394 547 495 0 615 183 460 579 634 443 380 356
1009 274 382 615 0 724 895 168 963 334 711 465
285 656 342 183 724 0 643 688 817 552 197 465
440 827 955 460 895 643 0 859 620 723 840 636
973 106 346 579 168 688 859 0 795 166 675 297
734 689 1129 634 963 817 620 795 0 629 1014 498
837 104 500 443 334 552 723 166 629 0 539 131
400 643 329 380 711 197 840 675 1014 539 0 516
750 191 631 356 465 465 636 297 498 131 516 0
