0 1344 661 632 652 1038 655 480
1344 0 725 814 692 306 711 864
661 725 0 89 927 519 14 703
632 814 89 0 898 508 103 674
652 692 927 898 0 408 921 224
1038 306 519 508 408 0 513 558
655 711 14 103 921 513 0 697
480 864 703 674 224 558 697 0
