0 407 657 582 811 610 860 680
407 0 1058 593 972 203 453 1081
657 1058 0 465 376 947 651 389
582 593 465 0 379 482 278 536
811 972 376 379 0 861 565 765
610 203 947 482 861 0 296 970
860 453 651 278 565 296 0 814
680 1081 389 536 765 970 814 0
