0 173 924 509 183 413 342 949
173 0 1097 652 324 254 515 1122
924 1097 0 701 1097 1337 582 301
509 652 701 0 692 892 369 1002
183 324 1097 692 0 240 515 1122
413 254 1337 892 240 0 755 1362
342 515 582 369 515 755 0 633
949 1122 301 1002 1122 1362 633 0
