0 830 1332 1526 968 635 970 602 302 1048 1365 482
830 0 502 696 764 409 412 362 528 824 535 348
1332 502 0 380 1006 697 654 730 1030 1066 129 850
1526 696 380 0 626 891 556 924 1224 686 509 1044
968 764 1006 626 0 1173 352 1126 666 80 1135 1078
635 409 697 891 1173 0 821 47 569 1233 730 153
970 412 654 556 352 821 0 774 668 412 783 726
602 362 730 924 1126 47 774 0 522 1186 763 120
302 528 1030 1224 666 569 668 522 0 746 1063 474
1048 824 1066 686 80 1233 412 1186 746 0 1195 1138
1365 535 129 509 1135 730 783 763 1063 1195 0 883
482 348 850 1044 1078 153 726 120 474 1138 883 0
