0 425 673 680 224 236 851 192
425 0 1098 405 343 661 576 553
673 1098 0 1245 897 645 530 545
680 405 1245 0 748 808 715 700
224 343 897 748 0 460 919 352
236 661 645 808 460 0 935 276
851 576 530 715 919 935 0 659
192 553 545 700 352 276 659 0
