0 1096 964 853 541 1018 691 1099 694 856 1087 382
1096 0 292 437 649 624 487 641 950 814 425 1312
964 292 0 729 941 374 779 933 1242 1106 717 1062
853 437 729 0 312 783 162 246 513 377 234 1069
541 649 941 312 0 995 162 558 301 315 546 757
1018 624 374 783 995 0 833 987 1296 1160 771 688
691 487 779 162 162 833 0 408 463 327 396 907
1099 641 933 246 558 987 408 0 405 243 216 1315
694 950 1242 513 301 1296 463 405 0 162 525 910
856 814 1106 377 315 1160 327 243 162 0 389 1072
1087 425 717 234 546 771 396 216 525 389 0 1303
382 1312 1062 1069 757 688 907 1315 910 1072 1303 0
