0 706 799 470 638 443 334 736
706 0 159 1176 656 289 758 138
799 159 0 1269 497 356 599 63
470 1176 1269 0 1108 913 764 1206
638 656 497 1108 0 367 344 518
443 289 356 913 367 0 469 293
334 758 599 764 344 469 0 620
736 138 63 1206 518 293 620 0
