0 165 930 631 1011 320 553 1149 78 1185
165 0 875 576 956 485 388 1094 87 1020
930 875 0 299 81 628 823 427 916 1029
631 576 299 0 380 435 524 518 617 1070
1011 956 81 380 0 709 904 356 997 958
320 485 628 435 709 0 873 903 398 1505
553 388 823 524 904 873 0 1042 475 632
1149 1094 427 518 356 903 1042 0 1135 602
78 87 916 617 997 398 475 1135 0 1107
1185 1020 1029 1070 958 1505 632 602 1107 0
