0 290 89 311 458 719 466 1329 1039 473 1067 1094
290 0 201 495 222 483 402 1093 803 669 831 858
89 201 0 294 407 668 377 1278 988 468 1016 1043
311 495 294 0 405 408 671 1018 728 174 756 783
458 222 407 405 0 269 624 871 581 579 609 636
719 483 668 408 269 0 885 610 320 310 348 469
466 402 377 671 624 885 0 1495 1205 845 1233 1260
1329 1093 1278 1018 871 610 1495 0 334 856 398 235
1039 803 988 728 581 320 1205 334 0 566 64 407
473 669 468 174 579 310 845 856 566 0 594 779
1067 831 1016 756 609 348 1233 398 64 594 0 471
1094 858 1043 783 636 469 1260 235 407 779 471 0
