0 1025 407 476 324 468 714 550 622 679
1025 0 1240 549 1201 1493 865 1575 499 1704
407 1240 0 819 83 253 637 603 1029 464
476 549 819 0 736 944 1126 1026 210 1155
324 1201 83 736 0 292 598 520 946 503
468 1493 253 944 292 0 890 408 994 211
714 865 637 1126 598 890 0 972 1336 1101
550 1575 603 1026 520 408 972 0 1076 211
622 499 1029 210 946 994 1336 1076 0 1205
679 1704 464 1155 503 211 1101 211 1205 0
