0 728 710 680 288 842 1138 148
728 0 1082 314 1016 170 714 582
710 1082 0 768 458 1020 428 562
680 314 768 0 702 252 458 532
288 1016 458 702 0 954 886 434
842 170 1020 252 954 0 652 694
1138 714 428 458 886 652 0 990
148 582 562 532 434 694 990 0
