0 566 1027 778 145 94 829 1159 382 533 1048 669
566 0 645 828 441 558 323 593 764 391 608 103
1027 645 0 1473 1086 1121 322 1170 1409 516 1253 570
778 828 1473 0 633 770 1151 381 440 979 270 903
145 441 1086 633 0 137 764 1014 323 592 903 524
94 558 1121 770 137 0 821 1151 330 627 1040 661
829 323 322 1151 764 821 0 848 1087 654 931 248
1159 593 1170 381 1014 1151 848 0 821 984 111 600
382 764 1409 440 323 330 1087 821 0 915 710 839
533 391 516 979 592 627 654 984 915 0 873 494
1048 608 1253 270 903 1040 931 111 710 873 0 683
669 103 570 903 524 661 248 600 839 494 683 0
