0 404 789 1246 761 406 958 1235 638 621 817 414
404 0 617 1074 589 810 786 1063 404 385 413 156
789 617 0 661 120 1027 169 608 273 256 452 461
1246 1074 661 0 781 1484 544 53 934 917 1113 918
761 589 120 781 0 999 237 728 185 204 332 433
406 810 1027 1484 999 0 1196 1473 1044 1027 1223 820
958 786 169 544 237 1196 0 491 390 401 569 630
1235 1063 608 53 728 1473 491 0 881 864 1060 907
638 404 273 934 185 1044 390 881 0 19 179 248
621 385 256 917 204 1027 401 864 19 0 196 229
817 413 452 1113 332 1223 569 1060 179 196 0 403
414 156 461 918 433 820 630 907 248 229 403 0
