0 821 1049 876 352 314 617 941 502 1175 991 1423
821 0 228 613 503 507 204 190 577 354 170 602
1049 228 0 671 731 735 432 248 547 196 172 374
876 613 671 0 524 726 641 513 1190 747 563 995
352 503 731 524 0 202 299 623 666 857 673 1105
314 507 735 726 202 0 303 627 464 861 677 1109
617 204 432 641 299 303 0 324 549 558 374 806
941 190 248 513 623 627 324 0 767 234 76 482
502 577 547 1190 666 464 549 767 0 715 691 921
1175 354 196 747 857 861 558 234 715 0 184 248
991 170 172 563 673 677 374 76 691 184 0 432
1423 602 374 995 1105 1109 806 482 921 248 432 0
