0 561 1034 215 756 782 556 365 418 201 268 399
561 0 951 346 521 655 473 196 685 722 293 200
1034 951 0 965 430 296 478 1049 708 833 1206 1151
215 346 965 0 541 669 487 150 349 376 241 186
756 521 430 541 0 134 308 619 880 917 776 721
782 655 296 669 134 0 334 753 906 943 910 855
556 473 478 487 308 334 0 571 572 609 728 673
365 196 1049 150 619 753 571 0 489 526 157 102
418 685 708 349 880 906 572 489 0 217 590 535
201 722 833 376 917 943 609 526 217 0 429 560
268 293 1206 241 776 910 728 157 590 429 0 131
399 200 1151 186 721 855 673 102 535 560 131 0
