0 653 412 955 407 503 373 264 1061 200
653 0 981 824 742 586 280 917 738 453
412 981 0 1367 539 831 701 272 1473 528
955 824 1367 0 1362 1206 694 1095 106 891
407 742 539 1362 0 292 668 475 1468 471
503 586 831 1206 292 0 512 767 1312 315
373 280 701 694 668 512 0 637 800 197
264 917 272 1095 475 767 637 0 1201 464
1061 738 1473 106 1468 1312 800 1201 0 997
200 453 528 891 471 315 197 464 997 0
