0 326 324 800 411 1193 165 866 456 799
326 0 650 530 737 923 435 596 168 473
324 650 0 696 285 1089 299 762 780 1123
800 530 696 0 491 393 965 100 376 719
411 737 285 491 0 818 554 477 867 1210
1193 923 1089 393 818 0 1358 427 755 844
165 435 299 965 554 1358 0 1031 603 824
866 596 762 100 477 427 1031 0 476 819
456 168 780 376 867 755 603 476 0 343
799 473 1123 719 1210 844 824 819 343 0
