0 530 173 505 527 746 461 48
530 0 441 443 465 216 511 482
173 441 0 368 354 657 622 189
505 443 368 0 330 389 954 521
527 465 354 330 0 619 976 543
746 216 657 389 619 0 565 698
461 511 622 954 976 565 0 433
48 482 189 521 543 698 433 0
