0 1015 1208 1118 521 884 923 1030 660 916
1015 0 1025 759 926 743 406 417 1277 117
1208 1025 0 266 687 324 1331 608 552 908
1118 759 266 0 597 234 1065 342 518 642
521 926 687 597 0 363 1232 509 351 809
884 743 324 234 363 0 1049 326 534 626
923 406 1331 1065 1232 1049 0 723 1583 423
1030 417 608 342 509 326 723 0 860 300
660 1277 552 518 351 534 1583 860 0 1160
916 117 908 642 809 626 423 300 1160 0
