0 767 99 822 467 1380 823 716
767 0 798 105 616 613 820 553
99 798 0 853 498 1411 854 747
822 105 853 0 511 558 715 448
467 616 498 511 0 913 356 249
1380 613 1411 558 913 0 557 664
823 820 854 715 356 557 0 267
716 553 747 448 249 664 267 0
