0 472 1399 583 625 765 140 186 854 276 632 551
472 0 927 589 1071 319 422 632 382 722 406 997
1399 927 0 816 806 1182 1349 1217 831 1347 767 1094
583 589 816 0 482 908 533 401 557 531 183 408
625 1071 806 482 0 1390 765 439 1039 541 665 288
765 319 1182 908 1390 0 637 951 351 1041 725 1316
140 422 1349 533 765 637 0 326 804 416 582 691
186 632 1217 401 439 951 326 0 672 130 450 365
854 382 831 557 1039 351 804 672 0 802 374 965
276 722 1347 531 541 1041 416 130 802 0 580 275
632 406 767 183 665 725 582 450 374 580 0 591
551 997 1094 408 288 1316 691 365 965 275 591 0
