0 975 311 1189 1136 356 1235 1262 802 1078
975 0 664 214 271 619 1300 287 1023 1343
311 664 0 878 825 63 968 951 691 1011
1189 214 878 0 143 833 1172 159 895 1215
1136 271 825 143 0 780 1029 126 752 1072
356 619 63 833 780 0 905 906 628 948
1235 1300 968 1172 1029 905 0 1013 433 157
1262 287 951 159 126 906 1013 0 736 1056
802 1023 691 895 752 628 433 736 0 320
1078 1343 1011 1215 1072 948 157 1056 320 0
