0 816 528 862 1209 174 1039 1221
816 0 1060 276 1153 704 983 1165
528 1060 0 1106 681 356 537 693
862 276 1106 0 877 750 707 889
1209 1153 681 877 0 1035 218 12
174 704 356 750 1035 0 865 1047
1039 983 537 707 218 865 0 212
1221 1165 693 889 12 1047 212 0
