0 586 918 333 467 472 396 1083
586 0 776 919 1053 484 502 941
918 776 0 909 1043 474 522 847
333 919 909 0 166 435 417 926
467 1053 1043 166 0 569 551 760
472 484 474 435 569 0 76 611
396 502 522 417 551 76 0 687
1083 941 847 926 760 611 687 0
