0 768 1618 687 706 922 1199 1198 781 753 331 528
768 0 850 293 66 242 887 430 535 485 447 240
1618 850 0 931 912 696 419 420 1003 953 1297 1090
687 293 931 0 359 535 1180 557 242 192 366 465
706 66 912 359 0 216 821 492 601 551 385 178
922 242 696 535 216 0 645 276 777 727 601 394
1199 887 419 1180 821 645 0 623 1422 1372 972 715
1198 430 420 557 492 276 623 0 799 749 877 670
781 535 1003 242 601 777 1422 799 0 100 450 707
753 485 953 192 551 727 1372 749 100 0 432 657
331 447 1297 366 385 601 972 877 450 432 0 257
528 240 1090 465 178 394 715 670 707 657 257 0
