0 485 549 1029 155 540 436 358 844 1284 440 261
485 0 520 544 476 519 369 337 359 799 419 224
549 520 0 1050 540 1039 889 857 309 735 939 404
1029 544 1050 0 1020 729 593 775 741 751 721 768
155 476 540 1020 0 695 545 513 835 1275 595 252
540 519 1039 729 695 0 150 182 730 984 100 635
436 369 889 593 545 150 0 182 580 848 128 485
358 337 857 775 513 182 182 0 590 1030 82 453
844 359 309 741 835 730 580 590 0 440 630 583
1284 799 735 751 1275 984 848 1030 440 0 976 1023
440 419 939 721 595 100 128 82 630 976 0 535
261 224 404 768 252 635 485 453 583 1023 535 0
