0 647 900 533 81 665 743 684 177 822
647 0 965 420 728 88 96 245 628 425
900 965 0 921 981 1053 899 720 723 1210
533 420 921 0 546 362 516 457 584 289
81 728 981 546 0 678 824 765 258 835
665 88 1053 362 678 0 154 333 716 367
743 96 899 516 824 154 0 179 566 521
684 245 720 457 765 333 179 0 507 490
177 628 723 584 258 716 566 507 0 873
822 425 1210 289 835 367 521 490 873 0
