0 453 782 442 262 822 731 601
453 0 823 301 191 1275 772 1054
782 823 0 522 958 760 287 825
442 301 522 0 436 1264 471 1043
262 191 958 436 0 1084 907 863
822 1275 760 1264 1084 0 1047 221
731 772 287 471 907 1047 0 826
601 1054 825 1043 863 221 826 0
