0 534 809 1142 122 224 1027 261 557 1013
534 0 1343 1676 656 758 557 555 1075 1547
809 1343 0 333 687 585 786 1070 1074 204
1142 1676 333 0 1020 918 1119 1403 1085 129
122 656 687 1020 0 102 927 383 657 891
224 758 585 918 102 0 1027 485 557 789
1027 557 786 1119 927 1027 0 1064 1584 990
261 555 1070 1403 383 485 1064 0 520 1274
557 1075 1074 1085 657 557 1584 520 0 1152
1013 1547 204 129 891 789 990 1274 1152 0
