0 792 569 279 332 1160 495 1277 1005 701
792 0 1039 541 802 368 385 485 943 91
569 1039 0 498 237 927 1064 1022 750 1090
279 541 498 0 261 881 566 998 726 592
332 802 237 261 0 940 827 1057 785 853
1160 368 927 881 940 0 753 349 831 459
495 385 1064 566 827 753 0 870 968 294
1277 485 1022 998 1057 349 870 0 482 576
1005 943 750 726 785 831 968 482 0 994
701 91 1090 592 853 459 294 576 994 0
