0 201 1058 892 599 630 604 593 760 1104
201 0 1043 1093 584 615 589 578 745 1089
1058 1043 0 516 459 428 454 465 906 614
892 1093 516 0 533 772 620 779 1422 1130
599 584 459 533 0 239 87 246 889 597
630 615 428 772 239 0 152 37 650 474
604 589 454 620 87 152 0 159 802 510
593 578 465 779 246 37 159 0 643 511
760 745 906 1422 889 650 802 643 0 344
1104 1089 614 1130 597 474 510 511 344 0
