0 799 947 689 825 501 1525 1345 538 761
799 0 396 948 778 980 726 546 277 644
947 396 0 1344 1174 1376 1046 866 673 1040
689 948 1344 0 170 188 836 656 671 304
825 778 1174 170 0 324 700 520 501 134
501 980 1376 188 324 0 1024 844 703 336
1525 726 1046 836 700 1024 0 180 987 764
1345 546 866 656 520 844 180 0 807 584
538 277 673 671 501 703 987 807 0 367
761 644 1040 304 134 336 764 584 367 0
