0 576 271 1438 260 815 977 209 1174 867 327 913
576 0 305 1316 316 693 855 367 1052 745 249 337
271 305 0 1539 73 916 1078 62 1275 968 260 642
1438 1316 1539 0 1612 623 495 1567 264 571 1279 1323
260 316 73 1612 0 989 1151 51 1348 1041 333 653
815 693 916 623 989 0 514 944 359 314 656 700
977 855 1078 495 1151 514 0 1106 599 828 818 1072
209 367 62 1567 51 944 1106 0 1303 996 288 704
1174 1052 1275 264 1348 359 599 1303 0 307 1015 1059
867 745 968 571 1041 314 828 996 307 0 708 752
327 249 260 1279 333 656 818 288 1015 708 0 586
913 337 642 1323 653 700 1072 704 1059 752 586 0
