0 387 828 379 703 602 742 262 433 793
387 0 441 700 390 989 365 625 820 406
828 441 0 1141 643 1430 296 1066 1261 245
379 700 1141 0 498 289 1055 641 120 1106
703 390 643 498 0 787 557 965 618 608
602 989 1430 289 787 0 1344 642 169 1395
742 365 296 1055 557 1344 0 980 1175 51
262 625 1066 641 965 642 980 0 549 1031
433 820 1261 120 618 169 1175 549 0 1226
793 406 245 1106 608 1395 51 1031 1226 0
