0 371 524 229 307 517 385 878
371 0 241 496 406 376 72 595
524 241 0 303 647 183 313 354
229 496 303 0 432 288 510 649
307 406 647 432 0 640 334 1001
517 376 183 288 640 0 390 361
385 72 313 510 334 390 0 667
878 595 354 649 1001 361 667 0
