0 892 607 1174 400 970 632 769 580 1016
892 0 649 282 492 170 952 449 336 226
607 649 0 567 623 479 303 1098 909 875
1174 282 567 0 774 204 796 685 618 382
400 492 623 774 0 570 926 475 286 616
970 170 479 204 570 0 782 619 430 396
632 952 303 796 926 782 0 1401 1212 1178
769 449 1098 685 475 619 1401 0 189 527
580 336 909 618 286 430 1212 189 0 460
1016 226 875 382 616 396 1178 527 460 0
