0 348 1105 902 1020 1190 1257 888
348 0 757 870 866 842 909 540
1105 757 0 701 1035 729 326 375
902 870 701 0 1736 1430 1027 1076
1020 866 1035 1736 0 306 709 660
1190 842 729 1430 306 0 403 354
1257 909 326 1027 709 403 0 369
888 540 375 1076 660 354 369 0
