0 1263 992 912 752 256 641 602 581 281 1236 427
1263 0 775 351 589 1073 622 661 682 1172 559 884
992 775 0 424 240 736 561 538 573 711 1094 1419
912 351 424 0 238 722 273 310 331 821 806 1131
752 589 240 238 0 496 321 298 333 583 854 1179
256 1073 736 722 496 0 451 412 391 99 1046 683
641 622 561 273 321 451 0 39 60 550 595 858
602 661 538 310 298 412 39 0 35 511 634 881
581 682 573 331 333 391 60 35 0 490 655 846
281 1172 711 821 583 99 550 511 490 0 1145 708
1236 559 1094 806 854 1046 595 634 655 1145 0 833
427 884 1419 1131 1179 683 858 881 846 708 833 0
