0 44 834 317 1146 716 420 1186
44 0 852 335 1164 672 376 1204
834 852 0 517 424 206 846 352
317 335 517 0 829 613 329 869
1146 1164 424 829 0 558 1158 238
716 672 206 613 558 0 640 558
420 376 846 329 1158 640 0 1198
1186 1204 352 869 238 558 1198 0
