0 491 1491 455 859 352 1259 141 739 491
491 0 1138 610 506 231 906 454 442 44
1491 1138 0 1036 632 1139 384 1592 752 1094
455 610 1036 0 404 379 804 556 284 610
859 506 632 404 0 507 400 960 194 462
352 231 1139 379 507 0 907 453 387 231
1259 906 384 804 400 907 0 1360 520 862
141 454 1592 556 960 453 1360 0 840 498
739 442 752 284 194 387 520 840 0 442
491 44 1094 610 462 231 862 498 442 0
