0 549 53 324 921 779 424 665 981 356 921 463
549 0 562 513 670 990 847 116 1502 905 908 1012
53 562 0 365 868 726 371 612 940 409 868 516
324 513 365 0 885 793 650 629 1305 410 885 523
921 670 868 885 0 320 497 626 832 1277 238 1384
779 990 726 793 320 0 355 946 512 1135 142 1242
424 847 371 650 497 355 0 803 655 780 497 887
665 116 612 629 626 946 803 0 1458 1021 864 1128
981 1502 940 1305 832 512 655 1458 0 895 594 848
356 905 409 410 1277 1135 780 1021 895 0 1277 113
921 908 868 885 238 142 497 864 594 1277 0 1384
463 1012 516 523 1384 1242 887 1128 848 113 1384 0
