0 1178 495 723 473 109 554 753 665 242
1178 0 683 671 705 1189 624 425 513 936
495 683 0 344 256 506 75 258 186 253
723 671 344 0 600 734 419 480 530 481
473 705 256 600 0 484 181 280 192 257
109 1189 506 734 484 0 565 764 676 253
554 624 75 419 181 565 0 199 111 312
753 425 258 480 280 764 199 0 88 511
665 513 186 530 192 676 111 88 0 423
242 936 253 481 257 253 312 511 423 0
