0 610 307 709 588 909 640 1240 195 520
610 0 917 869 666 901 952 1318 489 598
307 917 0 412 495 1216 343 943 492 685
709 869 412 0 447 1168 83 531 904 637
588 666 495 447 0 721 530 652 783 190
909 901 1216 1168 721 0 1251 881 1018 531
640 952 343 83 530 1251 0 600 835 720
1240 1318 943 531 652 881 600 0 1435 720
195 489 492 904 783 1018 835 1435 0 715
520 598 685 637 190 531 720 720 715 0
