0 477 1286 768 780 258 781 577 574 671
477 0 809 291 433 251 412 130 565 194
1286 809 0 518 1242 1060 505 715 712 615
768 291 518 0 724 542 553 197 706 133
780 433 1242 724 0 522 745 527 898 627
258 251 1060 542 522 0 555 345 376 445
781 412 505 553 745 555 0 542 207 420
577 130 715 197 527 345 542 0 695 122
574 565 712 706 898 376 207 695 0 573
671 194 615 133 627 445 420 122 573 0
