0 185 410 947 164 696 977 219
185 0 595 824 253 511 854 34
410 595 0 711 342 1106 741 629
947 824 711 0 783 1083 176 838
164 253 342 783 0 764 813 287
696 511 1106 1083 764 0 1113 477
977 854 741 176 813 1113 0 868
219 34 629 838 287 477 868 0
