0 613 595 688 202 450 639 427
613 0 1208 687 815 467 60 444
595 1208 0 521 393 961 1234 1012
688 687 521 0 500 1138 731 1115
202 815 393 500 0 638 841 619
450 467 961 1138 638 0 407 51
639 60 1234 731 841 407 0 384
427 444 1012 1115 619 51 384 0
