0 415 908 710 463 803 178 1088 955 1014
415 0 817 619 372 712 285 673 864 923
908 817 0 198 445 245 1086 624 183 694
710 619 198 0 281 221 888 426 245 670
463 372 445 281 0 340 641 661 492 551
803 712 245 221 340 0 981 601 152 449
178 285 1086 888 641 981 0 958 1133 1192
1088 673 624 426 661 601 958 0 671 1050
955 864 183 245 492 152 1133 671 0 511
1014 923 694 670 551 449 1192 1050 511 0
