0 687 526 864 1109 1049 868 541 469 711
687 0 959 431 422 422 181 974 820 1072
526 959 0 1390 819 759 842 199 179 421
864 431 1390 0 785 853 548 1405 1251 1503
1109 422 819 785 0 86 241 638 640 736
1049 422 759 853 86 0 305 560 580 650
868 181 842 548 241 305 0 857 703 955
541 974 199 1405 638 560 857 0 154 222
469 820 179 1251 640 580 703 154 0 252
711 1072 421 1503 736 650 955 222 252 0
