0 489 846 771 570 903 172 617 531 196 358 688
489 0 493 874 217 414 603 330 1020 685 373 889
846 493 0 543 276 745 674 229 689 736 866 558
771 874 543 0 801 1288 599 544 480 661 791 83
570 217 276 801 0 487 530 257 947 612 590 816
903 414 745 1288 487 0 1017 744 1434 1099 651 1303
172 603 674 599 530 1017 0 445 417 82 472 516
617 330 229 544 257 744 445 0 690 507 637 559
531 1020 689 480 947 1434 417 690 0 335 889 397
196 685 736 661 612 1099 82 507 335 0 554 578
358 373 866 791 590 651 472 637 889 554 0 758
688 889 558 83 816 1303 516 559 397 578 758 0
