0 435 868 194 303 310 662 794 422 586 399 831
435 0 903 389 654 139 525 359 365 621 182 866
868 903 0 1062 993 764 378 662 538 508 1085 639
194 389 1062 0 497 298 684 748 524 780 353 1025
303 654 993 497 0 529 881 1013 641 485 618 528
310 139 764 298 529 0 386 484 226 482 321 727
662 525 378 684 881 386 0 284 240 396 707 527
794 359 662 748 1013 484 284 0 372 528 423 659
422 365 538 524 641 226 240 372 0 256 547 501
586 621 508 780 485 482 396 528 256 0 803 245
399 182 1085 353 618 321 707 423 547 803 0 1048
831 866 639 1025 528 727 527 659 501 245 1048 0
