0 324 831 615 1237 1149 1022 993
324 0 915 699 1321 1233 1106 1077
831 915 0 352 406 318 1027 884
615 699 352 0 622 534 675 532
1237 1321 406 622 0 236 629 486
1149 1233 318 534 236 0 865 722
1022 1106 1027 675 629 865 0 143
993 1077 884 532 486 722 143 0
