0 894 485 921 791 1222 338 401 454 791 1146 1272
894 0 715 281 737 328 1126 725 708 371 726 852
485 715 0 742 306 1043 411 84 31 488 661 787
921 281 742 0 764 405 1153 752 735 652 1007 1133
791 737 306 764 0 1065 453 390 337 510 617 481
1222 328 1043 405 1065 0 1454 1053 1036 555 602 924
338 1126 411 1153 453 1454 0 401 418 899 1006 934
401 725 84 752 390 1053 401 0 53 498 745 871
454 708 31 735 337 1036 418 53 0 481 692 818
791 371 488 652 510 555 899 498 481 0 355 481
1146 726 661 1007 617 602 1006 745 692 355 0 476
1272 852 787 1133 481 924 934 871 818 481 476 0
