0 593 743 657 503 662 536 398
593 0 506 894 314 425 773 825
743 506 0 1400 240 81 1279 625
657 894 1400 0 1160 1319 121 1055
503 314 240 1160 0 159 1039 511
662 425 81 1319 159 0 1198 596
536 773 1279 121 1039 1198 0 934
398 825 625 1055 511 596 934 0
