0 680 1147 445 831 721 1173 556 444 851 1042 237
680 0 591 881 289 565 493 320 612 173 362 481
1147 591 0 702 756 426 618 591 1079 764 291 948
445 881 702 0 1034 316 908 561 647 1054 597 440
831 289 756 1034 0 718 782 473 387 456 651 594
721 565 426 316 718 0 592 245 653 738 321 522
1173 493 618 908 782 592 0 617 1105 326 327 974
556 320 591 561 473 245 617 0 488 493 486 357
444 612 1079 647 387 653 1105 488 0 779 974 207
851 173 764 1054 456 738 326 493 779 0 473 648
1042 362 291 597 651 321 327 486 974 473 0 843
237 481 948 440 594 522 974 357 207 648 843 0
