0 701 289 1498 591 383 898 426 594 1229 834 112
701 0 552 797 110 318 599 275 387 528 133 589
289 552 0 1349 446 404 1085 379 445 1080 685 311
1498 797 1349 0 907 1115 1016 1072 904 269 664 1386
591 110 446 907 0 208 639 165 347 638 243 479
383 318 404 1115 208 0 681 43 305 846 451 271
898 599 1085 1016 639 681 0 706 986 997 566 786
426 275 379 1072 165 43 706 0 280 803 408 314
594 387 445 904 347 305 986 280 0 635 420 482
1229 528 1080 269 638 846 997 803 635 0 431 1117
834 133 685 664 243 451 566 408 420 431 0 722
112 589 311 1386 479 271 786 314 482 1117 722 0
