0 1244 890 646 433 1002 770 1059 822 238
1244 0 788 712 811 242 474 289 422 1130
890 788 0 244 635 698 612 803 430 652
646 712 244 0 391 470 368 559 290 418
433 811 635 391 0 569 337 626 389 319
1002 242 698 470 569 0 232 105 268 888
770 474 612 368 337 232 0 289 182 656
1059 289 803 559 626 105 289 0 373 945
822 422 430 290 389 268 182 373 0 708
238 1130 652 418 319 888 656 945 708 0
