0 726 959 256 837 935 859 704 535 627
726 0 1203 470 883 1179 1103 948 779 871
959 1203 0 983 470 544 178 551 424 476
256 470 983 0 663 959 883 728 559 651
837 883 470 663 0 296 292 1021 388 946
935 1179 544 959 296 0 366 1095 462 1020
859 1103 178 883 292 366 0 729 324 654
704 948 551 728 1021 1095 729 0 633 77
535 779 424 559 388 462 324 633 0 558
627 871 476 651 946 1020 654 77 558 0
