0 553 598 357 735 1196 637 1043 1201 822
553 0 155 910 778 901 938 748 906 519
598 155 0 955 823 746 983 593 751 364
357 910 955 0 508 969 410 1104 974 1179
735 778 823 508 0 479 160 972 466 1047
1196 901 746 969 479 0 639 493 165 568
637 938 983 410 160 639 0 1132 564 1207
1043 748 593 1104 972 493 1132 0 658 229
1201 906 751 974 466 165 564 658 0 733
822 519 364 1179 1047 568 1207 229 733 0
