0 1044 971 508 489 1054 134 382 700 1354
1044 0 583 536 555 268 1074 746 468 310
971 583 0 963 800 851 837 589 271 561
508 536 963 0 163 546 538 374 692 846
489 555 800 163 0 565 519 211 529 865
1054 268 851 546 565 0 1084 756 580 374
134 1074 837 538 519 1084 0 328 606 1384
382 746 589 374 211 756 328 0 318 1056
700 468 271 692 529 580 606 318 0 778
1354 310 561 846 865 374 1384 1056 778 0
