0 847 58 1331 1202 1115 1090 398
847 0 789 484 355 268 243 491
58 789 0 1273 1144 1057 1032 404
1331 484 1273 0 209 216 241 975
1202 355 1144 209 0 87 250 846
1115 268 1057 216 87 0 187 759
1090 243 1032 241 250 187 0 734
398 491 404 975 846 759 734 0
