0 441 248 344 837 844 911 384 535 368 636 419
441 0 389 785 1278 1285 1352 699 676 457 551 560
248 389 0 404 897 904 971 318 287 616 576 171
344 785 404 0 493 500 567 120 271 632 980 299
837 1278 897 493 0 215 78 579 740 821 1473 792
844 1285 904 500 215 0 137 586 747 828 1480 799
911 1352 971 567 78 137 0 653 814 895 1547 866
384 699 318 120 579 586 653 0 161 752 894 213
535 676 287 271 740 747 814 161 0 903 733 116
368 457 616 632 821 828 895 752 903 0 778 787
636 551 576 980 1473 1480 1547 894 733 778 0 681
419 560 171 299 792 799 866 213 116 787 681 0
