0 1134 438 98 953 830 503 89 1238 323
1134 0 1572 1038 903 540 683 1195 808 983
438 1572 0 534 683 1032 941 377 968 589
98 1038 534 0 1051 928 407 157 1336 421
953 903 683 1051 0 363 1206 1042 285 630
830 540 1032 928 363 0 1083 919 408 507
503 683 941 407 1206 1083 0 564 1491 576
89 1195 377 157 1042 919 564 0 1327 412
1238 808 968 1336 285 408 1491 1327 0 915
323 983 589 421 630 507 576 412 915 0
