0 244 678 488 1007 518 965 362
244 0 470 460 799 762 1209 606
678 470 0 754 791 1056 1503 924
488 460 754 0 519 440 749 734
1007 799 791 519 0 959 712 1253
518 762 1056 440 959 0 457 294
965 1209 1503 749 712 457 0 751
362 606 924 734 1253 294 751 0
