0 719 700 546 372 379 64 613
719 0 261 739 347 1098 655 340
700 261 0 720 588 1079 636 105
546 739 720 0 600 359 502 615
372 347 588 600 0 751 308 667
379 1098 1079 359 751 0 443 974
64 655 636 502 308 443 0 569
613 340 105 615 667 974 569 0
