0 133 902 450 297 1402 371 981 923 602
133 0 905 453 300 1405 374 984 1056 605
902 905 0 474 605 500 531 571 1219 300
450 453 474 0 189 952 357 531 745 758
297 300 605 189 0 1105 168 684 934 569
1402 1405 500 952 1105 0 1031 421 815 800
371 374 531 357 168 1031 0 610 1102 401
981 984 571 531 684 421 610 0 648 855
923 1056 1219 745 934 815 1102 648 0 1503
602 605 300 758 569 800 401 855 1503 0
