0 599 483 550 784 926 793 468 1108 511
599 0 988 127 853 719 836 871 901 290
483 988 0 939 301 991 310 117 625 900
550 127 939 0 804 846 787 822 1028 163
784 853 301 804 0 856 17 316 324 867
926 719 991 846 856 0 839 874 538 1009
793 836 310 787 17 839 0 325 315 876
468 871 117 822 316 874 325 0 640 783
1108 901 625 1028 324 538 315 640 0 1191
511 290 900 163 867 1009 876 783 1191 0
