0 726 183 705 338 346 949 511 927 590
726 0 909 99 506 380 623 1087 201 294
183 909 0 888 403 529 1132 602 1110 773
705 99 888 0 485 359 524 988 222 195
338 506 403 485 0 126 729 849 707 370
346 380 529 359 126 0 603 753 581 244
949 623 1132 524 729 603 0 530 528 359
511 1087 602 988 849 753 530 0 992 793
927 201 1110 222 707 581 528 992 0 337
590 294 773 195 370 244 359 793 337 0
