0 1307 1675 1008 1279 789 456 1189
1307 0 420 299 124 1214 1019 332
1675 420 0 667 396 886 1387 486
1008 299 667 0 271 1253 720 371
1279 124 396 271 0 1090 991 208
789 1214 886 1253 1090 0 1081 882
456 1019 1387 720 991 1081 0 901
1189 332 486 371 208 882 901 0
