0 394 444 123 861 368 827 656 205 1039
394 0 544 353 661 714 433 1050 333 693
444 544 0 403 1059 310 711 1100 403 1237
123 353 403 0 738 491 786 697 82 916
861 661 1059 738 0 1229 1094 473 656 462
368 714 310 491 1229 0 881 790 573 1407
827 433 711 786 1094 881 0 1483 766 632
656 1050 1100 697 473 790 1483 0 717 851
205 333 403 82 656 573 766 717 0 834
1039 693 1237 916 462 1407 632 851 834 0
