0 350 1070 695 961 777 582 191
350 0 740 345 631 427 252 541
1070 740 0 577 287 915 488 881
695 345 577 0 864 482 553 886
961 631 287 864 0 946 379 772
777 427 915 482 946 0 635 968
582 252 488 553 379 635 0 393
191 541 881 886 772 968 393 0
