0 550 400 693 438 185 384 203 242 456 294 476 632 102 600 342 394 506
550 0 935 1213 925 450 837 355 655 94 311 912 1167 473 59 216 229 958
400 935 0 295 153 570 221 602 489 843 694 539 233 499 980 719 795 248
693 1213 295 0 298 865 399 892 774 1124 987 768 101 793 1255 997 1087 314
438 925 153 298 0 621 103 623 587 839 726 679 286 540 964 711 819 98
185 450 570 865 621 0 568 122 207 360 145 468 796 87 508 286 247 691
384 837 221 399 103 568 0 553 567 753 659 698 388 483 873 625 747 125
203 355 602 892 623 122 553 0 322 261 107 585 834 119 409 167 196 679
242 655 489 774 587 207 567 322 0 566 345 263 690 223 713 489 441 674
456 94 843 1124 839 360 753 261 566 0 226 825 1076 379 149 129 160 876
294 311 694 987 726 145 659 107 345 226 0 601 925 196 370 188 104 784
476 912 539 768 679 468 698 585 263 825 601 0 670 483 970 752 690 776
632 1167 233 101 286 796 388 834 690 1076 925 670 0 729 1211 951 1026 332
102 473 499 793 540 87 483 119 223 379 196 483 729 0 527 280 298 606
600 59 980 1255 964 508 873 409 713 149 370 970 1211 527 0 261 288 992
342 216 719 997 711 286 625 167 489 129 188 752 951 280 261 0 189 747
394 229 795 1087 819 247 747 196 441 160 104 690 1026 298 288 189 0 872
506 958 248 314 98 691 125 679 674 876 784 776 332 606 992 747 872 0
