0 535 694 731 678 563 62 878 546 634 497 805 846 873 562 73 503 583 813 534 411 533
535 0 745 383 219 465 564 423 666 300 262 270 488 631 252 462 58 507 331 765 850 602
694 745 0 521 661 285 649 715 152 513 484 885 556 410 965 671 773 243 734 249 563 169
731 383 521 0 189 275 727 200 523 102 235 393 118 256 635 666 438 302 215 662 881 453
678 219 661 189 0 382 691 211 626 149 227 224 277 445 459 606 276 421 135 752 915 554
563 465 285 275 382 0 539 474 251 237 203 605 353 314 696 514 498 42 471 388 621 179
62 564 649 727 691 539 0 884 499 633 496 831 840 852 612 111 536 556 825 478 351 492
878 423 715 200 211 474 884 0 724 263 393 292 178 380 646 808 481 502 99 862 1071 653
546 666 152 523 626 251 499 724 0 486 418 845 588 487 865 527 685 222 722 143 432 72
634 300 513 102 149 237 633 263 486 0 137 372 219 331 552 567 351 274 238 617 809 414
497 262 484 235 227 203 496 393 418 137 0 432 351 422 497 431 296 245 350 533 689 349
805 270 885 393 224 605 831 292 845 372 432 0 444 638 405 732 311 644 201 966 1099 774
846 488 556 118 277 353 840 178 588 219 351 444 0 203 735 782 544 369 244 730 973 521
873 631 410 256 445 314 852 380 487 331 422 638 203 0 883 819 682 306 443 627 909 433
562 252 965 635 459 696 612 646 865 552 497 405 735 883 0 501 204 738 547 939 949 808
73 462 671 666 606 514 111 808 527 567 431 732 782 819 501 0 431 538 741 535 455 505
503 58 773 438 276 498 536 481 685 351 296 311 544 682 204 431 0 540 388 775 838 623
583 507 243 302 421 42 556 502 222 274 245 644 369 306 738 538 540 0 505 363 612 152
813 331 734 215 135 471 825 99 722 238 350 201 244 443 547 741 388 505 0 855 1039 650
534 765 249 662 752 388 478 862 143 617 533 966 730 627 939 535 775 363 855 0 316 211
411 850 563 881 915 621 351 1071 432 809 689 1099 973 909 949 455 838 612 1039 316 0 477
533 602 169 453 554 179 492 653 72 414 349 774 521 433 808 505 623 152 650 211 477 0
