0 507 735 412 538 494 530 473 381 412 231 614 121 612 310 522 369 346 616 282 69 505
507 0 640 866 793 388 362 340 845 175 434 146 577 258 806 927 619 849 1011 618 444 870
735 640 0 789 472 277 283 934 799 497 504 769 856 898 992 1254 1064 1000 776 551 728 1240
412 866 789 0 359 670 724 885 39 721 443 994 449 1016 363 671 711 327 230 274 479 711
538 793 472 359 0 462 517 948 383 619 391 938 638 1012 667 972 906 650 304 256 578 989
494 388 277 670 462 0 57 660 666 227 274 529 612 642 783 1015 796 802 738 397 473 990
530 362 283 724 517 57 0 654 720 215 318 498 646 619 825 1048 815 847 794 451 503 1018
473 340 934 885 948 660 654 0 854 438 558 314 467 204 685 693 356 741 1083 711 407 617
381 845 799 39 383 666 720 854 0 706 429 971 412 988 325 633 673 290 269 269 449 672
412 175 497 721 619 227 215 438 706 0 279 321 510 418 722 897 628 757 849 460 363 854
231 434 504 443 391 274 318 558 429 279 0 573 352 627 509 752 577 529 577 184 231 736
614 146 769 994 938 529 498 314 971 321 573 0 665 152 897 977 649 946 1150 756 547 909
121 577 856 449 638 612 646 467 412 510 352 665 0 635 233 403 273 283 670 384 147 384
612 258 898 1016 1012 642 619 204 988 418 627 152 635 0 864 896 559 917 1193 803 543 820
310 806 992 363 667 783 825 685 325 722 509 897 233 864 0 310 405 59 590 453 364 348
522 927 1254 671 972 1015 1048 693 633 897 752 977 403 896 310 0 338 345 894 742 545 92
369 619 1064 711 906 796 815 356 673 628 577 649 273 559 405 338 0 464 938 650 346 262
346 849 1000 327 650 802 847 741 290 757 529 946 283 917 59 345 464 0 549 452 406 393
616 1011 776 230 304 738 794 1083 269 849 577 1150 670 1193 590 894 938 549 0 394 677 938
282 618 551 274 256 397 451 711 269 460 184 756 384 803 453 742 650 452 394 0 324 749
69 444 728 479 578 473 503 407 449 363 231 547 147 543 364 545 346 406 677 324 0 516
505 870 1240 711 989 990 1018 617 672 854 736 909 384 820 348 92 262 393 938 749 516 0
