0 376 74 265 702 616 352 930 804 668 296 464 309 710 352 601 947 541 517 484 918 399
376 0 400 190 525 280 295 571 617 292 331 244 610 363 24 561 574 419 579 189 554 363
74 400 0 319 768 615 418 965 870 686 250 445 363 749 376 674 974 609 591 529 951 469
265 190 319 0 460 470 134 676 561 458 382 402 432 454 173 421 709 313 406 223 668 205
702 525 768 460 0 708 351 519 102 570 828 763 708 379 531 229 625 165 380 343 540 314
616 280 615 470 708 0 565 512 779 180 433 202 882 392 298 804 452 650 848 381 478 629
352 295 418 134 351 565 0 667 452 515 515 527 417 449 285 287 723 191 284 232 668 72
930 571 965 676 519 512 667 0 521 337 879 687 1083 222 593 730 128 594 856 453 40 688
804 617 870 561 102 779 452 521 0 629 926 850 798 422 624 295 638 265 453 431 549 413
668 292 686 458 570 180 515 337 629 0 557 351 891 219 316 706 299 547 779 291 307 567
296 331 250 382 828 433 515 879 926 557 0 235 605 687 315 801 856 693 760 514 855 583
464 244 445 402 763 202 527 687 850 351 235 0 758 525 246 803 644 663 807 420 658 598
309 610 363 432 708 882 417 1083 798 891 605 758 0 863 589 521 1132 549 377 637 1082 411
710 363 749 454 379 392 449 222 422 219 687 525 863 0 384 556 278 405 662 231 219 477
352 24 376 173 531 298 285 593 624 316 315 246 589 384 0 557 598 419 568 200 577 355
601 561 674 421 229 804 287 730 295 706 801 803 521 556 557 0 825 158 158 425 747 218
947 574 974 709 625 452 723 128 638 299 856 644 1132 278 598 825 0 679 939 495 92 754
541 419 609 313 165 650 191 594 265 547 693 663 549 405 419 158 679 0 262 269 606 148
517 579 591 406 380 848 284 856 453 779 760 807 377 662 568 158 939 262 0 488 867 218
484 189 529 223 343 381 232 453 431 291 514 420 637 231 200 425 495 269 488 0 448 277
918 554 951 668 540 478 668 40 549 307 855 658 1082 219 577 747 92 606 867 448 0 693
399 363 469 205 314 629 72 688 413 567 583 598 411 477 355 218 754 148 218 277 693 0
