0 564 472 522 561 373 609 84 740 251 839 290 517 704 101 124 224 604 652 573
564 0 481 945 228 231 852 648 470 637 572 610 684 520 665 660 679 645 622 44
472 481 0 547 653 496 381 526 309 326 389 265 210 244 538 595 398 176 191 520
522 945 547 0 1032 836 284 486 840 316 893 336 377 754 479 563 303 517 598 973
561 228 653 1032 0 196 995 639 695 716 799 707 837 736 655 621 737 827 817 188
373 231 496 836 196 0 813 454 613 521 723 515 662 630 471 449 541 672 677 222
609 852 381 284 995 813 0 611 621 358 651 324 171 525 612 696 402 275 352 889
84 648 526 486 639 454 611 0 807 259 903 310 541 765 17 85 210 643 698 656
740 470 309 840 695 613 621 807 0 633 109 574 469 99 821 864 704 345 274 513
251 637 326 316 716 521 358 259 633 0 714 63 286 569 263 343 73 401 466 662
839 572 389 893 799 723 651 903 109 714 0 653 516 145 917 964 786 379 300 615
290 610 265 336 707 515 324 310 574 63 653 0 231 508 317 393 136 339 404 638
517 684 210 377 837 662 171 541 469 286 516 231 0 378 547 624 352 141 222 721
704 520 244 754 736 630 525 765 99 569 145 508 378 0 778 829 642 249 176 563
101 665 538 479 655 471 612 17 821 263 917 317 547 778 0 86 210 651 708 674
124 660 595 563 621 449 696 85 864 343 964 393 624 829 86 0 295 720 772 663
224 679 398 303 737 541 402 210 704 73 786 136 352 642 210 295 0 472 539 700
604 645 176 517 827 672 275 643 345 401 379 339 141 249 651 720 472 0 81 686
652 622 191 598 817 677 352 698 274 466 300 404 222 176 708 772 539 81 0 664
573 44 520 973 188 222 889 656 513 662 615 638 721 563 674 663 700 686 664 0
