0 200 537 942 689 315 408 680 760 540 820 233 691 90 206 543 687 636 460 537
200 0 736 1057 845 512 267 764 794 667 921 98 666 248 288 706 886 831 492 734
537 736 0 849 507 248 911 760 937 555 804 759 1004 504 563 411 167 209 747 152
942 1057 849 0 343 768 1000 318 442 402 151 993 676 1000 1125 461 803 670 613 697
689 845 507 343 0 451 873 348 547 219 319 806 713 726 844 147 470 333 527 355
315 512 248 768 451 0 666 595 746 397 683 521 778 312 410 310 378 322 517 223
408 267 911 1000 873 666 0 684 647 661 852 182 462 485 551 757 1040 955 387 868
680 764 760 318 348 595 684 0 199 205 168 690 387 752 879 358 779 641 296 621
760 794 937 442 547 746 647 199 0 387 304 706 239 842 966 548 970 834 305 806
540 667 555 402 219 397 661 205 387 0 292 614 510 598 724 163 583 449 308 419
820 921 804 151 319 683 852 168 304 292 0 852 531 885 1012 395 787 649 464 655
233 98 759 993 806 521 182 690 706 614 852 0 569 305 370 673 900 830 408 737
691 666 1004 676 713 778 462 387 239 510 531 569 0 780 891 669 1072 947 260 896
90 248 504 1000 726 312 485 752 842 598 885 305 780 0 127 579 663 630 546 530
206 288 563 1125 844 410 551 879 966 724 1012 370 891 127 0 697 728 716 667 616
543 706 411 461 147 310 757 358 548 163 395 673 669 579 697 0 422 287 446 266
687 886 167 803 470 378 1040 779 970 583 787 900 1072 663 728 422 0 139 826 180
636 831 209 670 333 322 955 641 834 449 649 830 947 630 716 287 139 0 708 100
460 492 747 613 527 517 387 296 305 308 464 408 260 546 667 446 826 708 0 647
537 734 152 697 355 223 868 621 806 419 655 737 896 530 616 266 180 100 647 0
