0 712 387 859 712 549 951 624 99 333 648 697 661 283 1049 450 641 768 807 22
712 0 672 149 287 288 240 766 794 381 409 497 489 589 366 365 552 489 800 733
387 672 0 811 818 672 883 238 473 378 825 903 871 134 911 614 882 953 423 399
859 149 811 0 328 393 96 885 939 530 474 550 552 734 263 486 621 520 894 880
712 287 818 328 0 164 410 970 767 448 149 221 224 702 591 263 295 202 1042 730
549 288 672 393 164 0 488 842 608 294 166 256 235 550 646 105 281 288 936 567
951 240 883 96 410 488 0 938 1033 620 558 629 634 815 189 582 705 592 929 973
624 766 238 885 970 842 938 0 708 566 1005 1089 1061 362 916 804 1081 1130 199 636
99 794 473 939 767 608 1033 708 0 421 688 726 690 378 1138 504 660 801 896 80
333 381 378 530 448 294 620 566 421 0 447 527 497 255 717 239 515 575 690 355
648 409 825 474 149 166 558 1005 688 447 0 92 80 698 737 215 148 128 1102 664
697 497 903 550 221 256 629 1089 726 527 92 0 36 773 812 289 94 80 1191 711
661 489 871 552 224 235 634 1061 690 497 80 36 0 741 815 258 73 114 1166 675
283 589 134 734 702 550 815 362 378 255 698 773 741 0 868 485 749 827 531 299
1049 366 911 263 591 646 189 916 1138 717 737 812 815 868 0 730 884 779 867 1071
450 365 614 486 263 105 582 804 504 239 215 289 258 485 730 0 279 343 918 467
641 552 882 621 295 281 705 1081 660 515 148 94 73 749 884 279 0 172 1197 653
768 489 953 520 202 288 592 1130 801 575 128 80 114 827 779 343 172 0 1221 783
807 800 423 894 1042 936 929 199 896 690 1102 1191 1166 531 867 918 1197 1221 0 820
22 733 399 880 730 567 973 636 80 355 664 711 675 299 1071 467 653 783 820 0
