0 794 477 489 287 913 795 987 767 128 462 521 378 755 674 978 40 345 518 888 114 588
794 0 383 447 618 696 584 194 368 764 418 816 693 509 248 204 803 591 295 250 723 1020
477 383 0 88 433 536 402 569 299 411 37 450 311 337 199 586 472 209 102 414 447 646
489 447 88 0 493 468 336 624 280 402 58 372 251 279 228 650 477 170 187 433 479 573
287 618 433 493 0 961 828 799 723 361 441 699 528 768 587 770 321 435 412 781 174 823
913 696 536 468 961 0 135 783 329 798 521 500 551 207 476 849 890 569 599 491 931 662
795 584 402 336 828 135 0 693 219 685 388 434 449 77 352 752 774 449 465 407 805 621
987 194 569 624 799 783 693 0 478 958 602 985 874 625 405 81 996 778 486 292 913 1192
767 368 299 280 723 329 219 478 0 682 306 554 498 147 157 534 757 445 317 203 746 760
128 764 411 402 361 798 685 958 682 0 388 393 254 653 609 959 95 241 473 824 210 472
462 418 37 58 441 521 388 602 306 388 0 413 276 327 223 621 455 176 139 436 441 609
521 816 450 372 699 500 434 985 554 393 413 0 173 446 581 1018 485 283 552 751 589 208
378 693 311 251 528 551 449 874 498 254 276 173 0 431 478 897 349 115 409 675 429 341
755 509 337 279 768 207 77 625 147 653 327 446 431 0 275 681 738 413 393 345 757 644
674 248 199 228 587 476 352 405 157 609 223 581 478 275 0 442 671 394 175 215 634 787
978 204 586 650 770 849 752 81 534 959 621 1018 897 681 442 0 990 795 496 361 897 1223
40 803 472 477 321 890 774 996 757 95 455 485 349 738 671 990 0 326 521 886 150 549
345 591 209 170 435 569 449 778 445 241 176 283 115 413 394 795 326 0 301 603 366 457
518 295 102 187 412 599 465 486 317 473 139 552 409 393 175 496 521 301 0 378 466 747
888 250 414 433 781 491 407 292 203 824 436 751 675 345 215 361 886 603 378 0 844 958
114 723 447 479 174 931 805 913 746 210 441 589 429 757 634 897 150 366 466 844 0 682
588 1020 646 573 823 662 621 1192 760 472 609 208 341 644 787 1223 549 457 747 958 682 0
