0 416 585 745 553 366 492 315 194 552 373 311 290 784 872 521 903 298
416 0 650 333 403 391 672 481 289 193 398 121 200 387 458 199 546 537
585 650 0 899 318 269 177 271 694 841 900 558 715 987 989 539 748 883
745 333 899 0 593 676 964 789 591 231 613 451 484 101 128 360 433 806
553 403 318 593 0 213 433 343 568 578 751 358 541 686 675 240 451 810
366 391 269 676 213 0 288 136 435 584 639 291 447 755 782 328 645 649
492 672 177 964 433 288 0 202 640 864 845 562 687 1043 1068 611 883 787
315 481 271 789 343 136 202 0 442 670 649 366 485 861 902 455 781 613
194 289 694 591 568 435 640 442 0 378 207 229 109 616 719 452 827 256
552 193 841 231 578 584 864 670 378 0 383 304 270 238 354 346 595 577
373 398 900 613 751 639 845 649 207 383 0 394 212 603 733 593 937 217
311 121 558 451 358 291 562 366 229 304 394 0 182 508 574 225 605 485
290 200 715 484 541 447 687 485 109 270 212 182 0 507 612 385 745 339
784 387 987 101 686 755 1043 861 616 238 603 508 507 0 146 450 526 808
872 458 989 128 675 782 1068 902 719 354 733 574 612 146 0 457 422 931
521 199 539 360 240 328 611 455 452 346 593 225 385 450 457 0 382 708
903 546 748 433 451 645 883 781 827 595 937 605 745 526 422 382 0 1080
298 537 883 806 810 649 787 613 256 577 217 485 339 808 931 708 1080 0
