0 235 805 481 338 671 395 489 784 374 576 131 786 195 152 462 313 483 246 332
235 0 1028 711 536 830 593 722 957 186 762 294 932 178 249 464 524 330 351 506
805 1028 0 331 506 448 709 341 380 1103 362 740 514 983 898 881 677 1136 739 561
481 711 331 0 239 432 415 48 468 807 287 436 551 653 568 664 363 865 467 311
338 536 506 239 0 349 487 276 450 597 239 242 472 532 470 426 403 637 236 73
671 830 448 432 349 0 810 479 137 830 145 552 125 866 814 512 735 812 480 339
395 593 709 415 487 810 0 383 874 761 671 471 935 444 351 817 91 877 578 540
489 722 341 48 276 479 383 0 511 828 334 456 597 653 564 702 339 893 497 349
784 957 380 468 450 137 874 511 0 966 214 672 137 980 921 649 807 949 610 456
374 186 1103 807 597 830 761 828 966 0 793 372 914 364 430 373 684 148 369 547
576 762 362 287 239 145 671 334 214 793 0 470 267 771 709 526 600 801 426 256
131 294 740 436 242 552 471 456 672 372 470 0 663 317 284 350 381 444 118 216
786 932 514 551 472 125 935 597 137 914 267 663 0 979 932 570 860 879 581 456
195 178 983 653 532 866 444 653 980 364 771 317 979 0 97 593 390 506 417 527
152 249 898 568 470 814 351 564 921 430 709 284 932 97 0 601 294 563 397 476
462 464 881 664 426 512 817 702 649 373 526 350 570 593 601 0 726 310 239 353
313 524 677 363 403 735 91 339 807 684 600 381 860 390 294 726 0 795 487 452
483 330 1136 865 637 812 877 893 949 148 801 444 879 506 563 310 795 0 401 576
246 351 739 467 236 480 578 497 610 369 426 118 581 417 397 239 487 401 0 179
332 506 561 311 73 339 540 349 456 547 256 216 456 527 476 353 452 576 179 0
