0 538 500 353 376 204 122 532 265 526 362 334 315 412 274 504 406 390 178 174
538 0 652 743 864 423 422 816 295 1064 293 335 269 387 683 92 928 826 381 621
500 652 0 284 473 637 458 1031 583 776 367 333 420 266 306 691 590 370 422 365
353 743 284 0 190 547 387 854 556 492 463 418 475 417 79 748 306 95 390 178
376 864 473 190 0 579 459 787 629 304 607 564 600 584 200 852 118 111 486 244
204 423 637 547 579 0 179 441 133 692 373 368 301 465 469 361 598 593 218 371
122 422 458 387 459 179 0 592 173 643 248 226 195 314 311 395 509 448 60 222
532 816 1031 854 787 441 592 0 563 712 814 806 743 901 782 733 735 856 645 689
265 295 583 556 629 133 173 563 0 787 267 275 193 372 482 243 670 620 171 395
526 1064 776 492 304 692 643 712 787 0 850 810 823 853 484 1029 187 414 690 482
362 293 367 463 607 373 248 814 267 850 0 45 74 112 413 325 689 552 187 373
334 335 333 418 564 368 226 806 275 810 45 0 89 98 368 361 648 507 166 331
315 269 420 475 600 301 195 743 193 823 74 89 0 182 415 281 672 558 137 358
412 387 266 417 584 465 314 901 372 853 112 98 182 0 384 431 680 512 257 372
274 683 306 79 200 469 311 782 482 484 413 368 415 384 0 682 302 143 319 100
504 92 691 748 852 361 395 733 243 1029 325 361 281 431 682 0 904 825 366 609
406 928 590 306 118 598 509 735 670 187 689 648 672 680 302 904 0 229 547 317
390 826 370 95 111 593 448 856 620 414 552 507 558 512 143 825 229 0 461 226
178 381 422 390 486 218 60 645 171 690 187 166 137 257 319 366 547 461 0 243
174 621 365 178 244 371 222 689 395 482 373 331 358 372 100 609 317 226 243 0
