0 212 757 329 478 602 303 755 25 180 558 168 557 462 772 400 419 648 609 153
212 0 588 345 289 394 368 546 206 314 381 379 425 405 589 189 251 482 618 311
757 588 0 567 305 306 646 538 738 899 674 890 230 910 82 500 655 754 595 891
329 345 567 0 399 558 78 799 304 509 709 381 337 737 614 476 589 812 285 480
478 289 305 399 0 159 466 415 463 602 423 630 212 614 301 206 368 521 572 598
602 394 306 558 159 0 624 271 591 699 369 763 329 628 259 237 370 448 718 702
303 368 646 78 466 624 0 856 279 480 745 323 416 741 691 520 618 847 310 447
755 546 538 799 415 271 856 0 752 795 281 923 600 593 467 358 380 295 985 811
25 206 738 304 463 591 279 752 0 205 562 174 536 479 755 395 423 654 584 178
180 314 899 509 602 699 480 795 205 0 551 233 717 356 903 468 420 621 788 40
558 381 674 709 423 369 745 281 562 551 0 720 635 312 627 241 139 104 954 574
168 379 890 381 630 763 323 923 174 233 720 0 674 581 914 568 581 806 626 194
557 425 230 337 212 329 416 600 536 717 635 674 0 803 283 410 570 733 403 702
462 405 910 737 614 628 741 593 479 356 312 581 803 0 882 410 258 332 1018 393
772 589 82 614 301 259 691 467 755 903 627 914 283 882 0 477 624 700 667 898
400 189 500 476 206 237 520 358 395 468 241 568 410 410 477 0 162 345 713 476
419 251 655 589 368 370 618 380 423 420 139 581 570 258 624 162 0 233 849 441
648 482 754 812 521 448 847 295 654 621 104 806 733 332 700 345 233 0 1057 649
609 618 595 285 572 718 310 985 584 788 954 626 403 1018 667 713 849 1057 0 756
153 311 891 480 598 702 447 811 178 40 574 194 702 393 898 476 441 649 756 0
