0 861 155 922 811 948 899 794 829 179 487 669 714 752 469 199 851 371 932 481 221 631
861 0 718 577 377 104 421 386 513 768 643 241 237 123 667 676 204 494 320 425 1030 416
155 718 0 775 712 808 745 697 681 202 357 517 560 604 343 44 728 241 777 326 319 477
922 577 775 0 915 658 160 918 99 943 450 440 396 509 476 736 770 701 282 502 977 322
811 377 712 915 0 364 772 20 834 657 818 487 522 407 833 684 180 479 688 561 1022 663
948 104 808 658 364 0 499 378 603 843 747 345 339 226 771 768 184 577 386 525 1124 519
899 421 745 160 772 499 0 776 136 889 472 320 269 366 500 702 618 624 125 436 989 268
794 386 697 918 20 378 776 0 835 639 811 487 523 411 825 670 194 466 695 554 1006 660
829 513 681 99 834 603 136 835 0 845 368 351 312 432 396 640 697 602 255 403 895 223
179 768 202 943 657 843 889 639 845 0 551 614 665 673 540 225 723 283 898 453 399 627
487 643 357 450 818 747 472 811 368 551 0 402 413 521 29 327 751 400 549 257 527 244
669 241 517 440 487 345 320 487 351 614 402 0 54 120 426 473 371 333 290 197 814 186
714 237 560 396 522 339 269 523 312 665 413 54 0 127 439 516 392 385 236 236 852 179
752 123 604 509 407 226 366 411 432 673 521 120 127 0 545 562 266 392 294 302 913 301
469 667 343 476 833 771 500 825 396 540 29 426 439 545 0 315 771 404 577 273 501 271
199 676 44 736 684 768 702 670 640 225 327 473 516 562 315 0 692 208 733 281 357 435
851 204 728 770 180 184 618 194 697 723 751 371 392 266 771 692 0 487 523 501 1047 557
371 494 241 701 479 577 624 466 602 283 400 333 385 392 404 208 487 0 620 199 560 379
932 320 777 282 688 386 125 695 255 898 549 290 236 294 577 733 523 620 0 453 1046 316
481 425 326 502 561 525 436 554 403 453 257 197 236 302 273 281 501 199 453 0 617 180
221 1030 319 977 1022 1124 989 1006 895 399 527 814 852 913 501 357 1047 560 1046 617 0 731
631 416 477 322 663 519 268 660 223 627 244 186 179 301 271 435 557 379 316 180 731 0
