0 535 648 422 758 608 501 642 524 671 200 788 722 302 913 492 622 151
535 0 806 943 680 350 803 631 794 760 689 900 740 818 887 577 563 484
648 806 0 908 319 535 218 238 172 97 537 142 193 609 334 229 305 512
422 943 908 0 1111 1021 700 989 741 967 386 1045 1042 301 1226 833 990 543
758 680 319 1111 0 336 502 123 459 223 726 308 131 834 208 278 140 606
608 350 535 1021 336 0 615 315 589 464 669 596 419 800 543 334 242 479
501 803 218 700 502 615 0 391 46 299 349 348 392 399 551 284 435 395
642 631 238 989 123 315 391 0 351 153 604 281 110 711 282 156 73 491
524 794 172 741 459 589 46 351 0 253 384 304 347 441 505 255 398 409
671 760 97 967 223 464 299 153 253 0 586 141 97 673 260 200 224 527
200 689 537 386 726 669 349 604 384 586 0 678 658 134 844 448 607 209
788 900 142 1045 308 596 348 281 304 141 678 0 184 746 234 339 354 649
722 740 193 1042 131 419 392 110 347 97 658 184 0 753 191 232 179 573
302 818 609 301 834 800 399 711 441 673 134 746 753 0 932 559 723 342
913 887 334 1226 208 543 551 282 505 260 844 234 191 932 0 422 333 763
492 577 229 833 278 334 284 156 255 200 448 339 232 559 422 0 166 341
622 563 305 990 140 242 435 73 398 224 607 354 179 723 333 166 0 472
151 484 512 543 606 479 395 491 409 527 209 649 573 342 763 341 472 0
