0 208 100 342 337 494 355 584 112 289 220 452 347 164 180 186 380 404 367 358 93 456
208 0 114 549 540 621 173 704 269 205 425 244 417 341 312 373 402 568 371 486 213 286
100 114 0 436 426 567 255 614 189 209 312 354 391 228 209 281 401 492 379 390 142 387
342 549 436 0 36 503 675 466 339 561 124 788 512 236 309 258 590 357 599 322 384 790
337 540 426 36 0 534 660 430 345 540 117 777 531 216 285 273 606 389 613 287 386 789
494 621 567 503 534 0 793 954 383 776 490 829 229 569 635 332 304 147 341 762 425 681
355 173 255 675 660 793 0 724 436 158 552 144 586 445 390 534 562 738 528 531 381 331
584 704 614 466 430 954 724 0 664 567 467 868 899 428 408 645 953 813 946 226 673 990
112 269 189 339 345 383 436 664 0 394 236 509 243 236 278 107 289 304 285 443 57 458
289 205 209 561 540 776 158 567 394 0 444 301 597 325 257 474 597 694 569 377 351 458
220 425 312 124 117 490 552 467 236 444 0 665 444 123 201 182 511 355 513 275 272 673
452 244 354 788 777 829 144 868 509 301 665 0 607 568 521 615 562 798 524 672 452 242
347 417 391 512 531 229 586 899 243 597 444 607 0 475 520 262 91 259 121 682 258 453
164 341 228 236 216 569 445 428 236 325 123 568 475 0 79 238 525 447 518 207 247 612
180 312 209 309 285 635 390 408 278 257 201 521 520 79 0 303 560 519 547 182 273 594
186 373 281 258 273 332 534 645 107 474 182 615 262 238 303 0 334 222 341 438 164 560
380 402 401 590 606 304 562 953 289 597 511 562 91 525 560 334 0 350 39 731 287 382
404 568 492 357 389 147 738 813 304 694 355 798 259 447 519 222 350 0 379 630 357 690
367 371 379 599 613 341 528 946 285 569 513 524 121 518 547 341 39 379 0 722 275 343
358 486 390 322 287 762 531 226 443 377 275 672 682 207 182 438 731 630 722 0 448 771
93 213 142 384 386 425 381 673 57 351 272 452 258 247 273 164 287 357 275 448 0 407
456 286 387 790 789 681 331 990 458 458 673 242 453 612 594 560 382 690 343 771 407 0
