0 509 224 584 736 498 570 354 231 590 431 827 556 775 549 939 264 688
509 0 411 462 721 841 113 552 671 217 793 505 242 276 53 604 455 846
224 411 0 360 524 436 506 179 273 414 384 616 369 687 433 727 412 525
584 462 360 0 261 576 573 317 574 286 563 298 235 662 440 397 726 437
736 721 524 261 0 522 833 391 643 543 542 450 494 918 701 504 930 258
498 841 436 576 522 0 941 296 277 785 69 872 729 1111 855 962 762 314
570 113 506 573 833 941 0 658 754 314 890 589 348 209 138 679 461 958
354 552 179 317 391 296 658 0 265 490 263 612 435 818 562 714 582 348
231 671 273 574 643 277 754 265 0 685 208 861 638 947 699 967 494 523
590 217 414 286 543 785 314 490 685 0 752 292 57 376 177 397 621 713
431 793 384 563 542 69 890 263 208 752 0 861 698 1066 810 957 694 358
827 505 616 298 450 872 589 612 861 292 861 0 292 576 458 112 903 691
556 242 369 235 494 729 348 435 638 57 698 292 0 429 211 402 610 658
775 276 687 662 918 1111 209 818 947 376 1066 576 429 0 256 640 665 1084
549 53 433 440 701 855 138 562 699 177 810 458 211 256 0 555 506 840
939 604 727 397 504 962 679 714 967 397 957 112 402 640 555 0 1013 758
264 455 412 726 930 762 461 582 494 621 694 903 610 665 506 1013 0 929
688 846 525 437 258 314 958 348 523 713 358 691 658 1084 840 758 929 0
