0 336 903 800 993 667 778 242 188 997 580 683 191 609 459 565 744 341
336 0 570 536 698 592 449 457 471 688 342 544 448 305 346 235 424 261
903 570 0 535 491 903 132 1009 1038 421 565 790 1011 416 739 375 188 739
800 536 535 0 217 428 525 766 839 261 220 302 801 248 393 356 569 480
993 698 491 217 0 631 536 979 1048 79 425 506 1011 394 609 479 595 688
667 592 903 428 631 0 846 509 605 687 344 126 567 495 246 579 865 355
778 449 132 525 536 846 0 898 920 477 503 742 895 351 657 281 65 641
242 457 1009 766 979 509 898 0 98 1002 555 566 64 641 375 638 879 295
188 471 1038 839 1048 605 920 98 0 1066 623 656 40 693 455 675 894 360
997 688 421 261 79 687 477 1002 1066 0 448 561 1030 388 639 460 539 708
580 342 565 220 425 344 503 555 623 448 0 246 585 152 197 241 523 262
683 544 790 302 506 126 742 566 656 561 246 0 617 393 227 487 767 347
191 448 1011 801 1011 567 895 64 40 1030 585 617 0 659 416 645 872 323
609 305 416 248 394 495 351 641 693 388 152 393 659 0 325 111 374 349
459 346 739 393 609 246 657 375 455 639 197 227 416 325 0 377 664 120
565 235 375 356 479 579 281 638 675 460 241 487 645 111 377 0 289 364
744 424 188 569 595 865 65 879 894 539 523 767 872 374 664 289 0 636
341 261 739 480 688 355 641 295 360 708 262 347 323 349 120 364 636 0
