0 360 95 173 902 601 637 791 794 1007 801 488 823 693 844 826 958 822
360 0 322 274 545 634 615 676 443 672 441 259 491 710 640 568 700 475
95 322 0 83 866 674 700 840 737 989 759 498 806 766 872 837 972 796
173 274 83 0 810 716 732 855 666 946 698 484 764 805 867 819 954 747
902 545 866 810 0 916 845 753 251 217 123 504 183 949 579 433 486 112
601 634 674 716 916 0 94 303 974 883 885 445 747 92 477 567 650 805
637 615 700 732 845 94 0 211 922 799 823 399 671 107 383 479 557 733
791 676 840 855 753 303 211 0 884 659 761 421 570 268 203 334 375 645
794 443 737 666 251 974 922 884 0 467 148 529 371 1028 745 608 694 292
1007 672 989 946 217 883 799 659 467 0 327 545 184 896 462 327 322 209
801 441 759 698 123 885 823 761 148 327 0 450 225 929 609 468 548 144
488 259 498 484 504 445 399 421 529 545 450 0 369 504 386 340 474 399
823 491 806 764 183 747 671 570 371 184 225 369 0 774 397 252 323 83
693 710 766 805 949 92 107 268 1028 896 929 504 774 0 462 572 637 837
844 640 872 867 579 477 383 203 745 462 609 386 397 462 0 146 175 478
826 568 837 819 433 567 479 334 608 327 468 340 252 572 146 0 135 333
958 700 972 954 486 650 557 375 694 322 548 474 323 637 175 135 0 405
822 475 796 747 112 805 733 645 292 209 144 399 83 837 478 333 405 0
