0 387 546 183 158 303 379 857 719 554 540 794 520 796 154 256 550 351 912 339
387 0 322 542 544 688 119 908 746 793 193 648 386 882 279 638 452 622 776 598
546 322 0 621 672 791 217 651 493 695 196 328 117 650 392 739 180 592 455 565
183 542 621 0 99 170 503 771 654 400 665 805 561 697 267 119 570 204 909 203
158 544 672 99 0 146 527 869 749 494 690 883 625 795 290 101 643 302 992 302
303 688 791 170 146 0 664 889 790 464 826 968 730 807 425 52 737 310 1068 322
379 119 217 503 527 664 0 790 628 703 163 538 268 766 239 612 333 547 665 521
857 908 651 771 869 889 790 0 162 459 844 441 542 92 763 858 474 580 420 572
719 746 493 654 749 790 628 162 0 415 684 329 382 163 613 753 314 482 354 468
554 793 695 400 494 464 703 459 415 0 832 701 585 369 541 447 547 203 759 216
540 193 196 665 690 826 163 844 684 832 0 510 302 837 402 775 370 694 633 668
794 648 328 805 883 968 538 441 329 701 510 0 284 483 649 922 244 693 128 670
520 386 117 561 625 730 268 542 382 585 302 284 0 535 370 680 69 501 409 474
796 882 650 697 795 807 766 92 163 369 837 483 535 0 714 778 470 501 484 495
154 279 392 267 290 425 239 763 613 541 402 649 370 714 0 373 407 353 770 332
256 638 739 119 101 52 612 858 753 447 775 922 680 778 373 0 688 277 1023 287
550 452 180 570 643 737 333 474 314 547 370 244 69 470 407 688 0 485 364 460
351 622 592 204 302 310 547 580 482 203 694 693 501 501 353 277 485 0 780 27
912 776 455 909 992 1068 665 420 354 759 633 128 409 484 770 1023 364 780 0 759
339 598 565 203 302 322 521 572 468 216 668 670 474 495 332 287 460 27 759 0
