0 433 16 331 276 167 69 819 578 225 745 746 691 138 260 570 890 756
433 0 447 432 375 584 421 736 565 316 427 709 709 530 186 577 1033 732
16 447 0 345 291 151 82 833 592 241 762 760 703 138 275 584 898 769
331 432 345 0 71 475 264 489 246 151 523 415 364 291 284 239 622 425
276 375 291 71 0 429 211 544 306 80 522 476 431 261 216 302 692 488
167 584 151 475 429 0 221 962 719 389 912 883 818 200 422 708 968 889
69 421 82 264 211 221 0 752 510 169 699 678 622 111 238 502 826 687
819 736 833 489 544 962 752 0 244 610 459 96 192 770 690 256 491 111
578 565 592 246 306 719 510 244 0 377 443 170 145 527 477 26 489 184
225 316 241 151 80 389 169 610 377 0 531 546 507 250 143 376 771 560
745 427 762 523 522 912 699 459 443 531 0 489 547 778 505 468 908 518
746 709 760 415 476 883 678 96 170 546 489 0 97 688 640 176 426 29
691 709 703 364 431 818 622 192 145 507 547 97 0 620 617 136 362 84
138 530 138 291 261 200 111 770 527 250 778 688 620 0 345 515 776 693
260 186 275 284 216 422 238 690 477 143 505 640 617 345 0 481 905 658
570 577 584 239 302 708 502 256 26 376 468 176 136 515 481 0 469 186
890 1033 898 622 692 968 826 491 489 771 908 426 362 776 905 469 0 398
756 732 769 425 488 889 687 111 184 560 518 29 84 693 658 186 398 0
