0 448 123 124 462 1062 253 814 371 246 455 581 233 158 321 1012 486 774 879 146
448 0 366 329 554 846 321 367 80 253 552 164 502 379 495 765 476 696 740 342
123 366 0 58 366 941 131 732 295 132 359 480 176 210 234 890 372 661 761 169
124 329 58 0 416 963 158 697 254 127 409 457 234 162 289 908 410 698 792 117
462 554 366 416 0 673 276 848 526 351 8 564 243 576 143 653 117 336 460 533
1062 846 941 963 673 0 810 862 885 842 680 712 894 1112 794 99 593 354 222 1062
253 321 131 158 276 810 0 669 270 78 271 396 186 318 179 759 254 540 634 271
814 367 732 697 848 862 669 0 444 612 847 285 855 727 827 764 743 863 850 697
371 80 295 254 526 885 270 444 0 196 522 236 443 301 449 810 461 705 762 262
246 253 132 127 351 842 78 612 196 0 346 351 249 271 256 783 315 594 679 221
455 552 359 409 8 680 271 847 522 346 0 563 235 569 135 660 120 344 468 526
581 164 480 457 564 712 396 285 236 351 563 0 581 535 545 625 462 620 638 494
233 502 176 234 243 894 186 855 443 249 235 581 0 372 102 860 300 574 691 339
158 379 210 162 576 1112 318 727 301 271 569 535 372 0 444 1050 572 858 948 50
321 495 234 289 143 794 179 827 449 256 135 545 102 444 0 763 202 472 590 404
1012 765 890 908 653 99 759 764 810 783 660 625 860 1050 763 0 562 363 240 1001
486 476 372 410 117 593 254 743 461 315 120 462 300 572 202 562 0 289 396 524
774 696 661 698 336 354 540 863 705 594 344 620 574 858 472 363 289 0 132 810
879 740 761 792 460 222 634 850 762 679 468 638 691 948 590 240 396 132 0 899
146 342 169 117 533 1062 271 697 262 221 526 494 339 50 404 1001 524 810 899 0
