0 721 877 392 881 362 679 862 405 313 545 766 459 979 529 836 379 776
721 0 211 734 341 359 473 235 511 630 325 282 291 788 821 126 587 866
877 211 0 801 175 526 435 53 582 719 536 195 488 676 857 105 659 834
392 734 801 0 727 469 434 765 225 123 731 627 598 639 141 809 147 387
881 341 175 727 0 564 312 124 527 668 646 115 565 504 757 272 598 692
362 359 526 469 564 0 464 519 291 347 263 452 130 816 593 476 342 743
679 473 435 434 312 464 0 387 276 403 663 240 537 354 447 487 327 403
862 235 53 765 124 519 387 0 549 688 555 147 494 624 815 148 625 785
405 511 582 225 527 291 276 549 0 140 548 419 410 583 319 585 78 454
313 630 719 123 668 347 403 688 140 0 609 560 476 670 257 715 76 470
545 325 536 731 646 263 663 555 548 609 0 558 139 1014 856 446 604 992
766 282 195 627 115 452 240 147 419 560 558 0 465 510 670 257 492 640
459 291 488 598 565 130 537 494 410 476 139 465 0 890 720 416 467 854
979 788 676 639 504 816 354 624 583 670 1014 510 890 0 568 761 600 340
529 821 857 141 757 593 447 815 319 257 856 670 720 568 0 881 253 270
836 126 105 809 272 476 487 148 585 715 446 257 416 761 881 0 663 889
379 587 659 147 598 342 327 625 78 76 604 492 467 600 253 663 0 426
776 866 834 387 692 743 403 785 454 470 992 640 854 340 270 889 426 0
