0 516 146 572 220 230 493 827 260 866 426 1051 708 850 345 375 515 390 650 675
516 0 472 523 298 290 449 671 521 663 397 538 453 473 171 340 467 354 273 561
146 472 0 427 191 233 575 684 122 726 288 986 579 736 307 438 599 259 549 533
572 523 427 0 468 520 873 258 337 308 163 839 237 437 470 728 897 215 361 109
220 298 191 468 0 55 422 700 281 724 304 831 540 654 127 276 446 254 446 554
230 290 233 520 55 0 367 748 331 769 357 828 580 682 126 221 391 305 471 604
493 449 575 873 422 367 0 1079 688 1085 712 887 880 921 408 146 25 660 718 945
827 671 684 258 700 748 1079 0 595 75 405 814 226 362 672 939 1101 450 424 151
260 521 122 337 281 331 688 595 0 644 230 1002 524 700 373 547 713 224 536 446
866 663 726 308 724 769 1085 75 644 0 440 758 209 307 683 950 1107 481 402 199
426 397 288 163 304 357 712 405 230 440 0 803 295 471 314 567 737 53 321 255
1051 538 986 839 831 828 887 814 1002 758 803 0 625 452 706 833 895 786 486 801
708 453 579 237 540 580 880 226 524 209 295 625 0 201 483 747 901 320 198 177
850 473 736 437 654 682 921 362 700 307 471 452 201 0 565 806 940 482 212 371
345 171 307 470 127 126 408 672 373 683 314 706 483 565 0 267 431 262 353 537
375 340 438 728 276 221 146 939 547 950 567 833 747 806 267 0 171 514 597 803
515 467 599 897 446 391 25 1101 713 1107 737 895 901 940 431 171 0 684 737 968
390 354 259 215 254 305 660 450 224 481 53 786 320 482 262 514 684 0 312 302
650 273 549 361 446 471 718 424 536 402 321 486 198 212 353 597 737 312 0 350
675 561 533 109 554 604 945 151 446 199 255 801 177 371 537 803 968 302 350 0
