0 340 175 643 512 339 904 624 223 275 796 116 838 624 956 690 176 675 593 167
340 0 166 332 483 84 565 329 563 174 495 252 562 395 631 365 513 388 253 401
175 166 0 484 481 181 730 459 397 166 643 93 697 481 792 525 351 512 419 268
643 332 484 0 492 305 360 408 862 382 163 576 245 548 315 71 802 454 173 642
512 483 481 492 0 400 852 781 647 327 558 543 530 874 754 563 575 840 591 384
339 84 181 305 400 0 587 397 559 108 462 275 516 475 617 352 502 456 274 363
904 565 730 360 852 587 0 373 1127 689 360 808 460 505 263 290 1078 371 314 950
624 329 459 408 781 397 373 0 832 501 535 511 638 149 568 378 799 59 235 721
223 563 397 862 647 559 1127 832 0 484 1011 323 1045 812 1176 912 72 880 816 266
275 174 166 382 327 108 689 501 484 0 527 248 563 567 697 438 421 560 378 264
796 495 643 163 558 462 360 535 1011 527 0 736 107 682 196 159 948 572 314 777
116 252 93 576 543 275 808 511 323 248 736 0 790 508 882 615 288 561 502 260
838 562 697 245 530 516 460 638 1045 563 107 790 0 783 253 260 979 676 410 799
624 395 481 548 874 475 505 149 812 567 682 508 783 0 715 524 790 135 375 749
956 631 792 315 754 617 263 568 1176 697 196 882 253 715 0 267 1117 586 399 956
690 365 525 71 563 352 290 378 912 438 159 615 260 524 267 0 854 418 155 701
176 513 351 802 575 502 1078 799 72 421 948 288 979 790 1117 854 0 849 765 194
675 388 512 454 840 456 371 59 880 560 572 561 676 135 586 418 849 0 283 777
593 253 419 173 591 274 314 235 816 378 314 502 410 375 399 155 765 283 0 637
167 401 268 642 384 363 950 721 266 264 777 260 799 749 956 701 194 777 637 0
