0 392 592 683 613 380 975 120 554 801 505 222 616 607 1128 269 788 764 597 410
392 0 353 740 592 587 864 368 799 518 457 306 307 741 972 205 431 761 723 494
592 353 0 516 342 545 522 499 731 210 249 619 112 583 619 326 287 487 562 389
683 740 516 0 174 338 407 567 365 627 290 851 627 146 586 564 792 123 135 279
613 592 342 174 0 348 370 494 462 462 135 748 454 267 538 438 619 170 246 215
380 587 545 338 348 0 709 281 213 734 320 583 631 232 883 382 823 446 227 161
975 864 522 407 370 709 0 856 772 478 471 1082 613 553 179 764 692 284 540 585
120 368 499 567 494 281 856 0 476 709 387 302 539 499 1011 194 721 644 488 292
554 799 731 365 462 213 772 476 0 903 488 771 826 218 951 595 1016 488 232 345
801 518 210 627 462 734 478 709 903 0 418 809 210 727 514 533 214 560 706 574
505 457 249 290 135 320 471 387 488 418 0 620 354 335 624 306 536 306 314 159
222 306 619 851 748 583 1082 302 771 809 620 0 602 798 1216 319 737 912 786 573
616 307 112 627 454 631 613 539 826 210 354 602 0 689 691 349 193 599 668 481
607 741 583 146 267 232 553 499 218 727 335 798 689 0 733 546 869 270 21 247
1128 972 619 586 538 883 179 1011 951 514 624 1216 691 733 0 899 723 463 720 751
269 205 326 564 438 382 764 194 595 533 306 319 349 546 899 0 528 607 529 299
788 431 287 792 619 823 692 721 1016 214 536 737 193 869 723 528 0 744 847 672
764 761 487 123 170 446 284 644 488 560 306 912 599 270 463 607 744 0 257 353
597 723 562 135 246 227 540 488 232 706 314 786 668 21 720 529 847 257 0 230
410 494 389 279 215 161 585 292 345 574 159 573 481 247 751 299 672 353 230 0
