0 307 139 1037 558 703 431 877 493 761 236 715 408 626 605 352 773 743
307 0 445 832 281 550 277 642 399 894 479 435 419 489 627 53 717 621
139 445 0 1130 685 786 532 984 569 713 174 841 453 707 623 491 814 812
1037 832 1130 0 572 351 607 211 567 984 1031 471 708 429 675 833 491 362
558 281 685 572 0 363 227 370 333 927 662 157 448 335 599 269 599 452
703 550 786 351 363 0 285 272 218 701 681 370 358 79 363 568 260 92
431 277 532 607 227 285 0 452 129 704 467 352 221 215 388 306 443 346
877 642 984 211 370 272 452 0 452 972 909 260 604 331 635 637 505 336
493 399 569 567 333 218 129 452 0 597 465 426 153 139 267 432 318 250
761 894 713 984 927 701 704 972 597 0 541 1019 489 658 343 943 494 641
236 479 174 1031 662 681 467 909 465 541 0 809 326 602 464 532 667 690
715 435 841 471 157 370 352 260 426 1019 809 0 564 375 679 415 628 461
408 419 453 708 448 358 221 604 153 489 326 564 0 282 214 465 366 365
626 489 707 429 335 79 215 331 139 658 602 375 282 0 316 511 264 132
605 627 623 675 599 363 388 635 267 343 464 679 214 316 0 670 217 315
352 53 491 833 269 568 306 637 432 943 532 415 465 511 670 0 749 643
773 717 814 491 599 260 443 505 318 494 667 628 366 264 217 749 0 173
743 621 812 362 452 92 346 336 250 641 690 461 365 132 315 643 173 0
