0 622 606 483 756 231 293 87 282 769 429 542 437 836 971 1120 334 594 713 906 511 475
622 0 496 368 698 391 441 562 399 538 469 560 745 622 602 833 635 287 972 455 807 599
606 496 0 163 209 478 317 613 350 170 176 114 390 230 393 515 354 214 521 398 416 205
483 368 163 0 369 324 192 475 206 298 114 194 401 375 488 653 316 140 606 435 453 234
756 698 209 369 0 668 490 781 534 213 345 217 422 186 405 417 448 412 424 488 409 286
231 391 478 324 668 0 186 180 135 621 324 456 483 699 795 975 357 401 759 707 559 426
293 441 317 192 490 186 0 296 57 477 147 275 322 547 678 830 201 316 585 624 394 240
87 562 613 475 781 180 296 0 269 770 442 564 498 842 960 1125 385 572 778 881 574 508
282 399 350 206 534 135 57 269 0 502 190 321 377 576 692 856 254 312 642 624 450 295
769 538 170 298 213 621 477 770 502 0 344 272 546 86 228 355 522 263 622 276 558 366
429 469 176 114 345 324 147 442 190 344 0 132 288 407 558 691 206 252 505 531 342 131
542 560 114 194 217 456 275 564 321 272 132 0 278 314 499 594 254 298 423 512 303 94
437 745 390 401 422 483 322 498 377 546 288 278 0 574 774 838 126 538 281 788 77 187
836 622 230 375 186 699 547 842 576 86 407 314 574 0 219 285 568 349 610 317 575 405
971 602 393 488 405 795 678 960 692 228 558 499 774 219 0 241 747 397 829 167 784 593
1120 833 515 653 417 975 830 1125 856 355 691 594 838 285 241 0 847 598 810 408 826 682
334 635 354 316 448 357 201 385 254 522 206 254 126 568 747 847 0 456 404 735 202 165
594 287 214 140 412 401 316 572 312 263 252 298 538 349 397 598 456 0 720 311 584 361
713 972 521 606 424 759 585 778 642 622 505 423 281 610 829 810 404 720 0 896 204 374
906 455 398 435 488 707 624 881 624 276 531 512 788 317 167 408 735 311 896 0 814 601
511 807 416 453 409 559 394 574 450 558 342 303 77 575 784 826 202 584 204 814 0 223
475 599 205 234 286 426 240 508 295 366 131 94 187 405 593 682 165 361 374 601 223 0
