0 318 301 327 435 375 558 368 288 496 289 230 383 621 615 490 582 475 296 486 493 586
318 0 594 641 749 253 365 675 570 188 478 539 458 643 333 232 266 677 314 782 627 495
301 594 0 243 308 539 859 310 36 781 217 92 379 858 911 789 859 595 405 428 675 869
327 641 243 0 108 678 807 67 270 808 430 182 587 695 908 780 899 377 566 191 484 763
435 749 308 108 0 783 901 91 341 914 515 271 675 751 1010 883 1006 403 666 133 528 842
375 253 539 678 783 0 616 731 506 391 350 523 254 876 548 473 423 834 138 854 818 746
558 365 859 807 901 616 0 812 846 269 806 780 817 418 194 155 329 650 674 879 535 196
368 675 310 67 91 731 812 0 337 834 495 248 650 664 925 798 927 328 623 127 445 751
288 570 36 270 341 506 846 337 0 758 181 103 343 862 891 770 834 612 371 458 686 864
496 188 781 808 914 391 269 834 758 0 664 722 628 648 157 116 97 777 486 931 696 451
289 478 217 430 515 350 806 495 181 664 0 248 162 910 811 702 727 722 211 621 768 865
230 539 92 182 271 523 780 248 103 722 248 0 406 766 844 720 805 509 399 373 584 781
383 458 379 587 675 254 817 650 343 628 162 406 0 990 783 691 672 849 144 777 876 910
621 643 858 695 751 876 418 664 862 648 910 766 990 0 611 537 729 370 870 670 228 228
615 333 911 908 1010 548 194 925 891 157 811 844 783 611 0 127 162 813 641 1009 710 390
490 232 789 780 883 473 155 798 770 116 702 720 691 537 127 0 192 699 546 883 605 335
582 266 859 899 1006 423 329 927 834 97 727 805 672 729 162 192 0 873 535 1026 790 521
475 677 595 377 403 834 650 328 612 777 722 509 849 370 813 699 873 0 770 305 142 523
296 314 405 566 666 138 674 623 371 486 211 399 144 870 641 546 535 770 0 749 778 774
486 782 428 191 133 854 879 127 458 931 621 373 777 670 1009 883 1026 305 749 0 442 792
493 627 675 484 528 818 535 445 686 696 768 584 876 228 710 605 790 142 778 442 0 389
586 495 869 763 842 746 196 751 864 451 865 781 910 228 390 335 521 523 774 792 389 0
