0 351 412 859 518 647 530 701 56 541 766 886 573 616 512 629 365 581 901 665 730 566
351 0 398 556 262 564 530 365 403 346 569 573 361 283 164 389 49 576 574 378 379 552
412 398 0 597 298 236 136 540 419 740 397 636 758 644 512 333 360 186 680 767 648 165
859 556 597 0 344 518 632 221 898 774 303 44 764 510 469 264 519 640 113 654 343 618
518 262 298 344 0 355 388 242 555 578 308 374 583 395 278 128 214 419 403 540 356 393
647 564 236 518 355 0 157 554 655 908 234 561 919 750 628 296 517 137 623 892 693 125
530 530 136 632 388 157 0 620 528 874 377 674 891 762 632 380 489 51 729 892 743 38
701 365 540 221 242 554 620 0 746 553 408 224 543 291 252 258 338 645 210 438 149 619
56 403 419 898 555 655 528 746 0 595 788 926 627 670 565 660 413 577 944 721 781 565
541 346 740 774 578 908 874 553 595 0 881 774 36 274 316 695 391 921 743 189 462 897
766 569 397 303 308 234 377 408 788 881 0 346 882 666 569 186 520 369 415 817 557 353
886 573 636 44 374 561 674 224 926 774 346 0 761 505 475 303 538 683 73 644 330 661
573 361 758 764 583 919 891 543 627 36 882 761 0 258 315 697 404 937 728 157 444 913
616 283 644 510 395 750 762 291 670 274 666 505 258 0 132 487 300 801 470 151 188 775
512 164 512 469 278 628 632 252 565 316 569 475 315 132 0 384 171 672 459 264 222 646
629 389 333 264 128 296 380 258 660 695 186 303 697 487 384 0 342 396 351 637 401 372
365 49 360 519 214 517 489 338 413 391 520 538 404 300 171 342 0 534 544 409 371 509
581 576 186 640 419 137 51 645 577 921 369 683 937 801 672 396 534 0 741 934 773 26
901 574 680 113 403 623 729 210 944 743 415 73 728 470 459 351 544 741 0 602 287 718
665 378 767 654 540 892 892 438 721 189 817 644 157 151 264 637 409 934 602 0 315 908
730 379 648 343 356 693 743 149 781 462 557 330 444 188 222 401 371 773 287 315 0 747
566 552 165 618 393 125 38 619 565 897 353 661 913 775 646 372 509 26 718 908 747 0
