0 387 393 589 338 309 332 210 395 688 252 426 216 511 144 334 630 300
387 0 447 291 619 146 94 181 23 433 461 213 554 292 354 242 400 333
393 447 0 414 296 502 354 350 469 429 635 282 346 297 249 206 365 619
589 291 414 0 687 435 275 395 306 147 732 168 681 117 489 274 136 620
338 619 296 687 0 603 531 454 636 722 575 530 139 575 271 426 658 637
309 146 502 435 603 0 183 158 137 574 321 331 510 420 333 317 536 186
332 94 354 275 531 183 0 125 116 403 457 148 476 239 273 150 359 357
210 181 350 395 454 158 125 0 193 512 347 246 376 339 183 189 461 279
395 23 469 306 636 137 116 193 0 450 456 235 568 312 370 265 419 322
688 433 429 147 722 574 403 512 450 0 857 267 743 177 569 355 64 757
252 461 635 732 575 321 457 347 456 857 0 592 440 686 388 528 808 165
426 213 282 168 530 331 148 246 235 267 592 0 514 94 321 107 216 504
216 554 346 681 139 510 476 376 568 743 440 514 0 578 203 407 679 516
511 292 297 117 575 420 239 339 312 177 686 94 578 0 396 180 122 596
144 354 249 489 271 333 273 183 370 569 388 321 203 396 0 217 508 396
334 242 206 274 426 317 150 189 265 355 528 107 407 180 217 0 296 466
630 400 365 136 658 536 359 461 419 64 808 216 679 122 508 296 0 715
300 333 619 620 637 186 357 279 322 757 165 504 516 596 396 466 715 0
