0 466 342 44 564 237 271 741 795 406 612 558 859 72 724 796 242 834 105 883
466 0 190 425 984 357 561 828 1005 453 911 875 945 395 391 997 554 798 538 1072
342 190 0 308 900 173 521 888 1024 497 889 844 1010 272 569 1019 504 901 436 1101
44 425 308 0 592 222 265 724 793 376 619 568 844 37 681 792 238 807 128 879
564 984 900 592 0 795 442 691 542 656 316 276 756 629 1097 557 439 888 464 626
237 357 173 222 795 0 483 916 1009 537 841 790 1038 188 714 1007 458 967 342 1093
271 561 521 265 442 483 0 479 527 233 368 323 594 296 662 527 31 602 192 614
741 828 888 724 691 916 479 0 262 391 387 416 122 746 665 244 511 213 671 283
795 1005 1024 793 542 1009 527 262 0 553 235 290 253 823 908 20 554 468 702 92
406 453 497 376 656 537 233 391 553 0 487 465 513 387 442 544 253 434 376 620
612 911 889 619 316 841 368 387 235 487 0 59 441 653 910 247 387 594 510 325
558 875 844 568 276 790 323 416 290 465 59 0 482 602 897 300 340 617 456 381
859 945 1010 844 756 1038 594 122 253 513 441 482 0 866 755 234 625 240 785 231
72 395 272 37 629 188 296 746 823 387 653 602 866 0 668 822 270 820 165 908
724 391 569 681 1097 714 662 665 908 442 910 897 755 668 0 893 675 542 749 946
796 997 1019 792 557 1007 527 244 20 544 247 300 234 822 893 0 554 448 704 88
242 554 504 238 439 458 31 511 554 253 387 340 625 270 675 554 0 632 160 642
834 798 901 807 888 967 602 213 468 434 594 617 240 820 542 448 632 0 785 467
105 538 436 128 464 342 192 671 702 376 510 456 785 165 749 704 160 785 0 791
883 1072 1101 879 626 1093 614 283 92 620 325 381 231 908 946 88 642 467 791 0
