0 237 772 634 516 963 619 233 428 420 330 304 239 450 750 780 262 699 515 664 609 853
237 0 547 424 300 726 493 279 237 186 332 73 265 215 603 613 188 475 288 451 417 669
772 547 0 472 258 253 417 800 530 364 637 475 780 391 378 312 677 74 398 130 541 272
634 424 472 0 411 486 720 519 208 334 723 396 497 237 763 727 402 439 153 481 76 724
516 300 258 411 0 478 309 570 361 135 403 227 552 213 365 347 456 184 272 151 456 382
963 726 253 486 478 0 669 939 629 544 877 660 917 527 616 543 811 312 492 380 562 474
619 493 417 720 309 669 0 765 645 412 335 440 753 508 139 197 680 372 578 300 763 295
233 279 800 519 570 939 765 0 320 441 534 347 22 417 881 892 128 731 448 719 471 947
428 237 530 208 361 629 645 320 0 235 563 236 297 150 723 708 197 472 138 485 183 734
420 186 364 334 135 544 412 441 235 0 398 116 422 100 490 480 323 292 181 279 361 517
330 332 637 723 403 877 335 534 563 398 0 331 530 487 473 525 496 569 572 508 734 616
304 73 475 396 227 660 440 347 236 116 331 0 331 167 542 547 244 402 249 378 402 599
239 265 780 497 552 917 753 22 297 422 530 331 0 396 867 877 106 712 426 701 449 930
450 215 391 237 213 527 508 417 150 100 487 167 396 0 577 559 290 328 85 335 261 584
750 603 378 763 365 616 139 881 723 490 473 542 867 577 0 79 785 357 635 293 816 177
780 613 312 727 347 543 197 892 708 480 525 547 877 559 79 0 790 303 608 247 784 100
262 188 677 402 456 811 680 128 197 323 496 244 106 290 785 790 0 609 321 602 362 837
699 475 74 439 184 312 372 731 472 292 569 402 712 328 357 303 609 0 346 72 504 286
515 288 398 153 272 492 578 448 138 181 572 249 426 85 635 608 321 346 0 370 185 621
664 451 130 481 151 380 300 719 485 279 508 378 701 335 293 247 602 72 370 0 540 251
609 417 541 76 456 562 763 471 183 361 734 402 449 261 816 784 362 504 185 540 0 788
853 669 272 724 382 474 295 947 734 517 616 599 930 584 177 100 837 286 621 251 788 0
