0 885 632 681 104 864 787 391 959 709 918 853 443 335 1065 1064 893 449 624 497 519 246
885 0 802 726 913 131 1248 708 598 205 819 1300 950 852 700 836 272 463 398 961 650 639
632 802 0 102 558 695 453 257 456 608 301 500 284 313 522 462 615 463 408 252 183 566
681 726 102 0 617 613 547 290 355 540 237 590 377 384 427 387 523 437 342 350 175 577
104 913 558 617 0 877 683 336 919 725 852 749 346 249 1020 1004 889 458 613 400 469 290
864 131 695 613 877 0 1146 633 467 155 691 1196 869 783 570 705 143 419 305 874 557 623
787 1248 453 547 683 1146 0 583 870 1047 628 67 365 496 898 775 1069 851 850 324 600 858
391 708 257 290 336 633 583 0 585 503 527 644 244 151 684 673 606 271 332 265 133 313
959 598 456 355 919 467 870 585 0 493 271 900 730 715 120 239 327 575 386 705 453 785
709 205 608 540 725 155 1047 503 493 0 668 1101 745 648 610 718 230 268 200 756 448 468
918 819 301 237 852 691 628 527 271 668 0 648 580 612 272 164 566 641 497 540 408 807
853 1300 500 590 749 1196 67 644 900 1101 648 0 431 562 920 789 1113 911 902 389 655 923
443 950 284 377 346 869 365 244 730 745 580 431 0 131 804 743 825 513 564 55 319 493
335 852 313 384 249 783 496 151 715 648 612 562 131 0 804 770 757 400 483 177 267 362
1065 700 522 427 1020 570 898 684 120 610 272 920 804 804 0 167 427 694 506 773 551 900
1064 836 462 387 1004 705 775 673 239 718 164 789 743 770 167 0 566 746 577 704 546 932
893 272 615 523 889 143 1069 606 327 230 566 1113 825 757 427 566 0 446 279 821 506 666
449 463 463 437 458 419 851 271 575 268 641 911 513 400 694 746 446 0 194 536 280 223
624 398 408 342 613 305 850 332 386 200 497 902 564 483 506 577 279 194 0 569 253 415
497 961 252 350 400 874 324 265 705 756 540 389 55 177 773 704 821 536 569 0 318 535
519 650 183 175 469 557 600 133 453 448 408 655 319 267 551 546 506 280 253 318 0 402
246 639 566 577 290 623 858 313 785 468 807 923 493 362 900 932 666 223 415 535 402 0
