0 444 587 540 249 405 729 225 548 495 746 524 839 308 558 758 199 312 424 592
444 0 151 641 214 421 733 652 620 507 312 149 515 382 574 403 628 242 597 217
587 151 0 691 345 480 742 788 664 547 161 205 405 469 605 287 765 338 673 235
540 641 691 0 492 220 207 520 39 147 780 789 636 283 114 636 519 410 127 858
249 214 345 492 0 285 631 443 481 385 499 333 603 209 456 514 420 102 419 406
405 421 480 220 285 0 348 478 202 101 585 569 517 97 172 481 466 193 199 638
729 733 742 207 631 348 0 727 185 247 792 882 565 439 177 603 726 535 334 944
225 652 788 520 443 478 727 0 543 538 940 745 977 400 582 915 26 471 393 815
548 620 664 39 481 202 185 543 0 117 748 769 598 275 75 599 541 394 152 837
495 507 547 147 385 101 247 538 117 0 633 656 508 193 72 495 530 291 187 723
746 312 161 780 499 585 792 940 748 633 0 333 334 595 681 225 917 477 784 334
524 149 205 789 333 569 882 745 769 656 333 0 610 523 723 492 720 384 739 73
839 515 405 636 603 517 565 977 598 508 334 610 0 579 522 119 961 527 694 636
308 382 469 283 209 97 439 400 275 193 595 523 579 0 262 526 385 140 216 595
558 574 605 114 456 172 177 582 75 72 681 723 522 262 0 525 576 362 203 789
758 403 287 636 514 481 603 915 599 495 225 492 119 526 525 0 897 450 672 517
199 628 765 519 420 466 726 26 541 530 917 720 961 385 576 897 0 451 392 789
312 242 338 410 102 193 535 471 394 291 477 384 527 140 362 450 451 0 355 456
424 597 673 127 419 199 334 393 152 187 784 739 694 216 203 672 392 355 0 811
592 217 235 858 406 638 944 815 837 723 334 73 636 595 789 517 789 456 811 0
