0 357 335 187 615 269 62 219 742 237 65 288 433 283 394 167 613 675 297 335 712 728
357 0 389 403 820 536 355 567 706 129 352 89 715 239 742 424 692 564 588 631 547 935
335 389 0 175 440 256 275 401 408 365 391 395 759 150 533 215 314 354 625 351 412 552
187 403 175 0 447 133 126 231 569 324 251 370 590 211 381 41 426 529 459 231 584 563
615 820 440 447 0 348 561 491 500 765 678 807 905 584 470 452 270 605 806 319 702 116
269 536 256 133 348 0 220 180 592 451 331 499 594 337 279 117 404 591 478 101 661 459
62 355 275 126 561 220 0 212 682 247 126 298 486 240 387 110 551 620 352 297 661 675
219 567 401 231 491 180 212 0 768 453 258 505 420 429 176 191 584 752 315 172 813 591
742 706 408 569 500 592 682 768 0 736 799 750 1159 511 851 605 233 181 1028 652 271 555
237 129 365 324 765 451 247 453 736 0 224 52 589 227 629 334 679 616 460 539 619 881
65 352 391 251 678 331 126 258 799 224 0 273 394 322 429 232 676 724 258 392 754 790
288 89 395 370 807 499 298 505 750 52 273 0 626 250 681 383 708 620 501 589 615 923
433 715 759 590 905 594 486 420 1159 589 394 626 0 714 468 554 996 1107 136 588 1145 997
283 239 150 211 584 337 240 429 511 227 322 250 714 0 590 245 459 408 578 438 432 698
394 742 533 381 470 279 387 176 851 629 429 681 468 590 0 344 638 868 406 199 939 544
167 424 215 41 452 117 110 191 605 334 232 383 554 245 344 0 453 569 426 208 624 566
613 692 314 426 270 404 551 584 233 679 676 708 996 459 638 453 0 342 874 443 441 341
675 564 354 529 605 591 620 752 181 616 724 620 1107 408 868 569 342 0 971 672 100 682
297 588 625 459 806 478 352 315 1028 460 258 501 136 578 406 426 874 971 0 487 1008 904
335 631 351 231 319 101 297 172 652 539 392 589 588 438 199 208 443 672 487 0 747 419
712 547 412 584 702 661 661 813 271 619 754 615 1145 432 939 624 441 100 1008 747 0 782
728 935 552 563 116 459 675 591 555 881 790 923 997 698 544 566 341 682 904 419 782 0
