0 573 650 814 437 655 729 640 584 716 283 60 368 833 559 123 338 339 822 454 805 881
573 0 800 397 248 229 832 320 624 641 355 629 392 490 695 636 337 295 354 471 501 510
650 800 0 689 555 666 86 1066 185 281 797 638 430 608 109 553 502 807 1154 330 556 660
814 397 689 0 378 180 678 706 511 428 698 855 472 121 615 822 479 652 664 455 162 118
437 248 555 378 0 220 594 521 386 432 352 480 148 412 448 458 113 325 600 225 396 455
655 229 666 180 220 0 678 548 481 453 518 700 345 262 573 678 331 472 543 369 273 285
729 832 86 678 594 678 0 1112 208 252 860 720 481 587 173 636 554 866 1187 373 534 635
640 320 1066 706 521 548 1112 0 905 946 357 700 636 807 957 745 565 306 213 739 820 823
584 624 185 511 386 481 208 905 0 154 670 588 282 442 106 514 355 669 979 170 391 496
716 641 281 428 432 453 252 946 154 0 760 727 375 334 247 658 440 748 987 267 281 383
283 355 797 698 352 518 860 357 670 760 0 343 390 756 690 391 321 64 543 503 745 793
60 629 638 855 480 700 720 700 588 727 343 0 397 867 553 87 376 399 882 472 836 916
368 392 430 472 148 345 481 636 282 375 390 397 0 471 321 353 73 387 738 114 439 522
833 490 608 121 412 262 587 807 442 334 756 867 471 0 548 822 496 717 779 426 53 55
559 695 109 615 448 573 173 957 106 247 690 553 321 548 0 472 393 699 1048 224 497 602
123 636 553 822 458 678 636 745 514 658 391 87 353 822 472 0 347 439 916 412 788 874
338 337 502 479 113 331 554 565 355 440 321 376 73 496 393 347 0 315 675 185 471 544
339 295 807 652 325 472 866 306 669 748 64 399 387 717 699 439 315 0 484 500 710 751
822 354 1154 664 600 543 1187 213 979 987 543 882 738 779 1048 916 675 484 0 825 805 780
454 471 330 455 225 369 373 739 170 267 503 472 114 426 224 412 185 500 825 0 385 480
805 501 556 162 396 273 534 820 391 281 745 836 439 53 497 788 471 710 805 385 0 105
881 510 660 118 455 285 635 823 496 383 793 916 522 55 602 874 544 751 780 480 105 0
