0 653 263 411 180 426 322 539 355 321 181 493 528 382 314 290 266 359 322 686
653 0 897 405 484 958 859 1065 777 701 833 1006 566 996 641 375 585 952 765 662
263 897 0 583 413 468 183 554 507 508 134 532 767 331 375 549 501 128 475 917
411 405 583 0 248 826 491 940 704 640 570 889 685 793 249 312 528 599 676 836
180 484 413 248 0 578 400 693 459 400 357 641 508 558 261 162 298 477 431 669
426 958 468 826 578 0 639 115 197 268 352 68 539 170 732 596 374 593 198 634
322 859 183 491 400 639 0 732 644 628 288 705 850 512 247 559 588 117 610 1008
539 1065 554 940 693 115 732 0 291 366 449 59 614 228 841 707 479 674 300 688
355 777 507 704 459 197 644 291 0 76 374 232 345 318 667 434 195 634 34 457
321 701 508 640 400 268 628 366 76 0 376 307 292 368 624 361 121 631 71 421
181 833 134 570 357 352 288 449 374 376 0 419 642 244 409 467 378 260 341 789
493 1006 532 889 641 68 705 59 232 307 419 0 557 220 800 650 421 656 241 637
528 566 767 685 508 539 850 614 345 292 642 557 0 659 769 376 267 880 358 161
382 996 331 793 558 170 512 228 318 368 244 220 659 0 652 621 441 447 301 774
314 641 375 249 261 732 247 841 667 624 409 800 769 652 0 414 541 361 634 930
290 375 549 312 162 596 559 707 434 361 467 650 376 621 414 0 241 628 414 531
266 585 501 528 298 374 588 479 195 121 378 421 267 441 541 241 0 614 180 422
359 952 128 599 477 593 117 674 634 631 260 656 880 447 361 628 614 0 601 1034
322 765 475 676 431 198 610 300 34 71 341 241 358 301 634 414 180 601 0 478
686 662 917 836 669 634 1008 688 457 421 789 637 161 774 930 531 422 1034 478 0
