0 164 568 170 498 879 869 712 975 199 622 723 495 647 793 605 854 622
164 0 594 167 472 884 748 741 853 197 635 628 447 573 681 448 823 598
568 594 0 432 195 316 687 147 770 399 66 480 261 367 593 722 353 182
170 167 432 0 334 732 713 579 819 34 477 557 326 478 633 499 690 459
498 472 195 334 0 419 522 316 616 302 197 320 67 208 428 529 356 126
879 884 316 732 419 0 706 197 754 698 258 530 465 452 629 894 192 303
869 748 687 713 522 706 0 744 106 697 651 207 468 321 94 399 518 509
712 741 147 579 316 197 744 0 814 546 119 543 379 439 655 840 307 246
975 853 770 819 616 754 106 814 0 802 729 296 565 410 192 487 562 589
199 197 399 34 302 698 697 546 802 0 444 535 296 452 614 502 658 427
622 635 66 477 197 258 651 119 729 444 0 446 260 335 559 723 287 142
723 628 480 557 320 530 207 543 296 535 446 0 272 114 114 408 356 303
495 447 261 326 67 465 468 379 565 296 260 272 0 167 375 463 377 162
647 573 367 478 208 452 321 439 410 452 335 114 167 0 227 446 303 194
793 681 593 633 428 629 94 655 192 614 559 114 375 227 0 380 446 417
605 448 722 499 529 894 399 840 487 502 723 408 463 446 380 0 748 605
854 823 353 690 356 192 518 307 562 658 287 356 377 303 446 748 0 232
622 598 182 459 126 303 509 246 589 427 142 303 162 194 417 605 232 0
