0 621 715 963 853 912 199 158 701 637 345 859 174 533 775 461 159 446
621 0 523 543 330 371 735 532 427 380 608 364 461 893 371 172 632 186
715 523 0 318 387 435 681 557 104 144 433 352 660 603 232 565 605 563
963 543 318 0 234 235 969 814 273 330 733 188 865 921 195 667 882 673
853 330 387 234 0 61 906 722 291 303 702 48 724 944 156 479 807 488
912 371 435 235 61 0 967 782 342 360 762 83 781 1002 206 528 868 538
199 735 681 969 906 967 0 203 697 642 251 901 347 348 799 597 103 581
158 532 557 814 722 782 203 0 548 485 207 723 188 452 631 396 101 381
701 427 104 273 291 342 697 548 0 68 461 260 622 668 137 487 610 488
637 380 144 330 303 360 642 485 68 0 414 281 554 642 163 425 552 425
345 608 433 733 702 762 251 207 461 414 0 689 389 288 576 517 196 505
859 364 352 188 48 83 901 723 260 281 689 0 737 922 123 504 805 513
174 461 660 865 724 781 347 188 622 554 389 737 0 639 670 294 266 279
533 893 603 921 944 1002 348 452 668 642 288 922 639 0 801 804 382 792
775 371 232 195 156 206 799 631 137 163 576 123 670 801 0 476 705 481
461 172 565 667 479 528 597 396 487 425 517 504 294 804 476 0 497 16
159 632 605 882 807 868 103 101 610 552 196 805 266 382 705 497 0 482
446 186 563 673 488 538 581 381 488 425 505 513 279 792 481 16 482 0
