0 768 287 455 183 552 506 497 144 652 265 475 685 88 567 717 302 337
768 0 1050 1218 587 260 789 281 908 737 1028 792 215 762 537 187 866 883
287 1050 0 168 469 840 598 783 174 778 22 660 972 329 826 1004 432 459
455 1218 168 0 637 1007 717 951 331 902 190 785 1138 489 977 1171 553 573
183 587 469 637 0 373 501 314 321 603 447 448 507 185 442 538 363 393
552 260 840 1007 373 0 723 77 683 734 818 536 136 528 305 165 610 626
506 789 598 717 501 723 0 646 594 186 585 944 845 588 918 858 806 840
497 281 783 951 314 77 646 0 632 661 761 545 209 482 348 232 589 608
144 908 174 331 321 683 594 632 0 757 155 496 812 159 652 846 278 309
652 737 778 902 603 734 186 661 757 0 764 1050 838 726 976 843 942 976
265 1028 22 190 447 818 585 761 155 764 0 644 950 308 806 982 418 446
475 792 660 785 448 536 944 545 496 1050 644 0 603 387 291 641 232 214
685 215 972 1138 507 136 845 209 812 838 950 603 0 655 329 39 713 725
88 762 329 489 185 528 588 482 159 726 308 387 655 0 501 690 218 253
567 537 826 977 442 305 918 348 652 976 806 291 329 501 0 366 461 461
717 187 1004 1171 538 165 858 232 846 843 982 641 39 690 366 0 752 763
302 866 432 553 363 610 806 589 278 942 418 232 713 218 461 752 0 35
337 883 459 573 393 626 840 608 309 976 446 214 725 253 461 763 35 0
