0 772 252 873 727 314 784 608 643 767 881 292 360 921 109 674 86 260
772 0 576 339 602 527 232 381 524 22 319 754 416 168 823 220 729 592
252 576 0 626 488 63 545 537 397 567 636 202 225 707 259 439 177 29
873 339 626 0 368 563 121 689 342 319 29 733 582 277 882 220 803 626
727 602 488 368 0 436 396 830 103 581 395 490 586 618 692 385 642 471
314 527 63 563 436 0 484 524 341 516 574 232 214 651 321 379 240 68
784 232 545 121 396 484 0 569 339 210 112 678 473 223 805 111 720 550
608 381 537 689 830 524 569 0 729 394 676 737 312 541 699 491 609 564
643 524 397 342 103 341 339 729 0 504 366 430 483 562 618 304 560 383
767 22 567 319 581 516 210 394 504 0 299 741 413 163 816 199 722 582
881 319 636 29 395 574 112 676 366 299 0 750 582 250 894 219 813 638
292 754 202 733 490 232 678 737 430 741 750 0 427 867 218 585 211 176
360 416 225 582 586 214 473 312 483 413 582 427 0 572 425 364 329 253
921 168 707 277 618 651 223 541 562 163 250 867 572 0 962 285 870 719
109 823 259 882 692 321 805 699 618 816 894 218 425 962 0 699 96 256
674 220 439 220 385 379 111 491 304 199 219 585 364 285 699 0 612 447
86 729 177 803 642 240 720 609 560 722 813 211 329 870 96 612 0 180
260 592 29 626 471 68 550 564 383 582 638 176 253 719 256 447 180 0
