0 240 489 343 300 121 288 327 125 398 665 350 530 418 532 336 461 441 651 582
240 0 444 575 540 274 528 566 276 174 540 573 503 551 602 344 511 308 499 745
489 444 0 773 689 603 655 716 383 567 234 586 65 360 268 159 189 189 276 539
343 575 773 0 100 315 139 85 400 708 980 287 795 540 706 614 674 771 979 600
300 540 689 100 0 309 39 28 329 689 903 189 707 441 608 532 579 703 908 504
121 274 603 315 309 0 312 330 245 393 764 416 647 531 652 453 582 533 742 682
288 528 655 139 39 312 0 62 302 682 872 153 672 401 569 500 542 676 879 467
327 566 716 85 28 330 62 0 357 713 931 202 734 461 630 560 604 731 936 515
125 276 383 400 329 245 302 357 0 449 581 305 417 302 407 225 337 374 580 480
398 174 567 708 689 393 682 713 449 0 601 742 630 722 760 497 666 395 540 918
665 540 234 980 903 764 872 931 581 601 0 816 257 593 481 374 417 234 85 764
350 573 586 287 189 416 153 202 305 742 816 0 589 276 448 444 441 648 837 315
530 503 65 795 707 647 672 734 417 630 257 589 0 343 225 194 162 253 313 507
418 551 360 540 441 531 401 461 302 722 593 276 343 0 173 268 182 485 634 202
532 602 268 706 608 652 569 630 407 760 481 448 225 173 0 263 95 441 538 288
336 344 159 614 532 453 500 560 225 497 374 444 194 268 263 0 169 219 393 468
461 511 189 674 579 582 542 604 337 666 417 441 162 182 95 169 0 349 465 350
441 308 189 771 703 533 676 731 374 395 234 648 253 485 441 219 349 0 210 682
651 499 276 979 908 742 879 936 580 540 85 837 313 634 538 393 465 210 0 815
582 745 539 600 504 682 467 515 480 918 764 315 507 202 288 468 350 682 815 0
