0 607 453 621 273 520 754 916 994 766 904 627 716 947 716 123 239 100 783 77
607 0 535 233 606 133 326 484 660 522 762 543 118 342 356 573 446 571 629 533
453 535 0 373 674 401 833 1003 1153 963 1170 893 646 831 835 535 241 353 1032 398
621 233 373 0 715 153 558 711 893 752 988 751 313 463 589 633 399 552 853 545
273 606 674 715 0 575 625 760 791 561 656 396 687 909 566 153 434 356 547 288
520 133 401 153 575 0 444 609 776 615 847 601 248 456 462 509 330 468 710 443
754 326 833 558 625 444 0 172 335 239 476 350 268 373 75 671 683 760 363 699
916 484 1003 711 760 609 172 0 204 252 434 420 403 420 200 824 854 927 364 863
994 660 1153 893 791 776 335 204 0 231 282 402 595 623 318 887 977 1024 277 954
766 522 963 752 561 615 239 252 231 0 242 179 495 608 175 657 769 801 125 730
904 762 1170 988 656 847 476 434 282 242 0 283 737 835 417 785 957 960 138 885
627 543 893 751 396 601 350 420 402 179 283 0 554 717 275 510 675 677 156 603
716 118 646 313 687 248 268 403 595 495 737 554 0 231 320 671 564 685 613 644
947 342 831 463 909 456 373 420 623 608 835 717 231 0 446 902 784 913 733 874
716 356 835 589 566 462 75 200 318 175 417 275 320 446 0 624 667 730 296 665
123 573 535 633 153 509 671 824 887 657 785 510 671 902 624 0 299 204 666 139
239 446 241 399 434 330 683 854 977 769 957 675 564 784 667 299 0 155 822 171
100 571 353 552 356 468 760 927 1024 801 960 677 685 913 730 204 155 0 832 75
783 629 1032 853 547 710 363 364 277 125 138 156 613 733 296 666 822 832 0 758
77 533 398 545 288 443 699 863 954 730 885 603 644 874 665 139 171 75 758 0
