0 58 277 890 591 702 619 439 405 412 329 666 214 553 95 436 491 371 484 514
58 0 298 840 605 670 574 383 443 382 274 658 157 528 49 401 514 429 429 456
277 298 0 864 316 570 581 628 179 319 429 437 412 405 346 366 216 386 675 666
890 840 864 0 896 385 284 660 1023 545 577 678 733 506 840 499 939 1218 663 559
591 605 316 896 0 522 647 879 288 426 652 252 691 393 652 472 130 617 924 888
702 670 570 385 522 0 221 687 698 290 489 293 631 165 691 270 586 954 715 630
619 574 581 284 647 221 0 491 744 263 332 468 490 258 581 215 672 936 512 419
439 383 628 660 879 687 491 0 799 490 232 825 228 621 346 467 826 805 48 111
405 443 179 1023 288 698 744 799 0 481 607 498 577 537 491 530 158 329 847 843
412 382 319 545 426 290 263 490 481 0 260 335 367 151 407 50 423 685 530 475
329 274 429 577 652 489 332 232 607 260 0 595 159 398 265 242 610 690 275 240
666 658 437 678 252 293 468 825 498 335 595 0 688 220 696 361 352 807 864 803
214 157 412 733 691 631 490 228 577 367 159 688 0 517 127 367 620 584 275 300
553 528 405 506 393 165 258 621 537 151 398 220 517 0 556 156 435 790 657 589
95 49 346 840 652 691 581 346 491 407 265 696 127 556 0 421 562 460 390 426
436 401 366 499 472 270 215 467 530 50 242 361 367 156 421 0 472 726 504 442
491 514 216 939 130 586 672 826 158 423 610 352 620 435 562 472 0 487 873 850
371 429 386 1218 617 954 936 805 329 685 690 807 584 790 460 726 487 0 848 885
484 429 675 663 924 715 512 48 847 530 275 864 275 657 390 504 873 848 0 104
514 456 666 559 888 630 419 111 843 475 240 803 300 589 426 442 850 885 104 0
