0 382 758 324 734 820 587 196 473 699 759 206 67 513 515 503 285 132 679 465 513 536
382 0 377 293 684 505 687 434 663 840 513 265 449 555 146 124 274 302 437 221 457 242
758 377 0 610 792 316 912 778 949 1071 451 628 825 772 247 263 581 664 421 433 635 319
324 293 610 0 921 795 850 491 770 984 804 122 371 742 428 358 446 356 726 196 684 534
734 684 792 921 0 555 274 562 434 378 381 824 765 237 649 737 481 615 377 905 237 504
820 505 316 795 555 0 749 761 838 897 175 765 882 622 368 450 560 696 199 663 483 285
587 687 912 850 274 749 0 392 171 159 588 735 596 140 710 777 420 499 551 893 278 594
196 434 778 491 562 761 392 0 281 504 663 369 208 330 532 555 205 144 589 588 363 496
473 663 949 770 434 838 171 281 0 229 693 649 467 227 722 771 391 416 641 848 356 633
699 840 1071 984 378 897 159 504 229 0 730 865 695 299 869 934 569 629 700 1042 436 753
759 513 451 804 381 175 588 663 693 730 0 748 814 470 406 501 478 628 81 709 339 271
206 265 628 122 824 765 735 369 649 865 748 0 259 632 411 365 343 237 668 270 587 487
67 449 825 371 765 882 596 208 467 695 814 259 0 536 582 570 337 187 735 525 552 599
513 555 772 742 237 622 140 330 227 299 470 632 536 0 571 640 299 405 423 767 142 454
515 146 247 428 649 368 710 532 722 869 406 411 582 571 0 95 340 417 339 304 448 150
503 124 263 358 737 450 777 555 771 934 501 365 570 640 95 0 381 425 434 213 526 244
285 274 581 446 481 560 420 205 391 569 478 343 337 299 340 381 0 153 400 473 245 291
132 302 664 356 615 696 499 144 416 629 628 237 187 405 417 425 153 0 548 444 387 415
679 437 421 726 377 199 551 589 641 700 81 668 735 423 339 434 400 548 0 638 285 196
465 221 433 196 905 663 893 588 848 1042 709 270 525 767 304 213 473 444 638 0 676 443
513 457 635 684 237 483 278 363 356 436 339 587 552 142 448 526 245 387 285 676 0 319
536 242 319 534 504 285 594 496 633 753 271 487 599 454 150 244 291 415 196 443 319 0
