0 276 296 312 438 651 505 462 455 620 539 527 289 270 200 381 249 239 419 593
276 0 370 395 214 423 488 246 574 423 414 799 279 56 109 377 34 144 694 545
296 370 0 603 372 533 220 615 751 464 762 695 548 407 383 112 368 444 576 856
312 395 603 0 609 816 799 398 178 817 337 581 132 346 291 673 364 253 519 311
438 214 372 609 0 216 383 376 787 209 581 960 491 266 319 316 245 357 847 735
651 423 533 816 216 0 453 522 994 94 734 1169 692 470 531 444 456 563 1054 903
505 488 220 799 383 453 0 722 958 363 902 903 725 539 542 126 501 602 786 1022
462 246 615 398 376 522 722 0 555 563 213 934 271 212 265 619 249 226 845 384
455 574 751 178 787 994 958 555 0 995 439 546 305 524 469 832 542 431 520 335
620 423 464 817 209 94 363 563 995 0 774 1125 701 475 527 367 454 567 1009 936
539 414 762 337 581 734 902 213 439 774 0 917 260 363 379 788 403 320 850 180
527 799 695 581 960 1169 903 934 546 1125 917 0 676 781 705 806 769 718 118 867
289 279 548 132 491 692 725 271 305 701 260 676 0 225 187 601 251 135 598 309
270 56 407 346 266 470 539 212 524 475 363 781 225 0 76 425 40 93 680 490
200 109 383 291 319 531 542 265 469 527 379 705 187 76 0 421 76 61 605 481
381 377 112 673 316 444 126 619 832 367 788 806 601 425 421 0 386 481 688 901
249 34 368 364 245 456 501 249 542 454 403 769 251 40 76 386 0 115 665 525
239 144 444 253 357 563 602 226 431 567 320 718 135 93 61 481 115 0 624 420
419 694 576 519 847 1054 786 845 520 1009 850 118 598 680 605 688 665 624 0 820
593 545 856 311 735 903 1022 384 335 936 180 867 309 490 481 901 525 420 820 0
