0 517 667 701 693 588 779 889 653 314 584 663 576 565 736 626 571 385 229 275 575 668
517 0 661 185 197 187 285 494 419 719 487 690 760 66 564 148 380 429 499 548 175 832
667 661 0 773 829 520 690 557 1057 529 178 44 246 723 215 802 996 925 439 912 522 251
701 185 773 0 77 253 177 450 439 900 596 807 909 139 632 118 435 555 678 703 251 973
693 197 829 77 0 312 254 527 365 914 652 861 950 134 698 69 367 506 695 665 308 1018
588 187 520 253 312 0 213 325 603 711 343 555 666 230 390 298 567 597 491 688 14 725
779 285 690 177 254 213 0 278 616 923 521 730 865 275 516 289 607 705 703 833 221 916
889 494 557 450 527 325 278 0 880 942 430 601 782 513 345 551 860 919 744 1013 339 807
653 419 1057 439 365 603 616 880 0 950 891 1079 1104 376 981 329 82 296 770 482 593 1188
314 719 529 900 914 711 923 942 950 0 537 506 342 780 683 855 870 697 223 581 702 423
584 487 178 596 652 343 521 430 891 537 0 212 357 548 154 626 835 785 378 799 345 397
663 690 44 807 861 555 730 601 1079 506 212 0 208 753 259 832 1017 937 434 914 556 208
576 760 246 909 950 666 865 782 1104 342 357 208 0 826 453 908 1032 911 360 848 664 92
565 66 723 139 134 230 275 513 376 780 548 753 826 0 617 82 348 430 562 568 221 898
736 564 215 632 698 390 516 345 981 683 154 259 453 617 0 687 934 910 532 940 397 467
626 148 802 118 69 298 289 551 329 855 626 832 908 82 687 0 318 441 639 597 291 980
571 380 996 435 367 567 607 860 82 870 835 1017 1032 348 934 318 0 218 693 404 555 1118
385 429 925 555 506 597 705 919 296 697 785 937 911 430 910 441 218 0 554 187 584 1001
229 499 439 678 695 491 703 744 770 223 378 434 360 562 532 639 693 554 0 492 482 451
275 548 912 703 665 688 833 1013 482 581 799 914 848 568 940 597 404 187 492 0 674 940
575 175 522 251 308 14 221 339 593 702 345 556 664 221 397 291 555 584 482 674 0 724
668 832 251 973 1018 725 916 807 1188 423 397 208 92 898 467 980 1118 1001 451 940 724 0
