0 444 631 425 153 230 515 354 454 225 424 672 484 516 376 625 499 408
444 0 867 608 465 480 746 113 830 541 811 722 927 392 816 740 163 360
631 867 0 259 780 858 124 849 319 407 352 322 728 571 564 221 1004 528
425 608 259 0 578 654 140 593 346 215 354 267 686 342 514 202 746 278
153 465 780 578 0 78 666 356 576 376 541 821 496 634 438 777 467 531
230 480 858 654 78 0 744 367 649 453 613 893 532 691 495 853 455 591
515 746 124 140 666 744 0 725 281 290 304 291 673 471 502 192 881 416
354 113 849 593 356 367 725 0 771 488 748 747 830 441 730 749 158 382
454 830 319 346 576 649 281 771 0 289 39 571 410 672 251 473 928 583
225 541 407 215 376 453 290 488 289 0 272 479 510 431 348 416 646 327
424 811 352 354 541 613 304 748 39 272 0 590 377 671 214 495 904 579
672 722 322 267 821 893 291 747 571 479 590 0 946 345 773 103 881 366
484 927 728 686 496 532 673 830 410 510 377 946 0 937 173 858 959 829
516 392 571 342 634 691 471 441 672 431 671 345 937 0 779 390 555 110
376 816 564 514 438 495 502 730 251 348 214 773 173 779 0 686 873 673
625 740 221 202 777 853 192 749 473 416 495 103 858 390 686 0 893 381
499 163 1004 746 467 455 881 158 928 646 904 881 959 555 873 893 0 516
408 360 528 278 531 591 416 382 583 327 579 366 829 110 673 381 516 0
