0 637 111 600 564 659 218 400 230 443 699 575 339 686 320 478 570 848 429 720 455 804
637 0 727 510 303 489 645 427 674 569 401 95 361 186 339 222 387 339 729 205 630 390
111 727 0 615 673 681 187 433 184 438 738 671 400 756 395 549 606 908 381 789 436 912
600 510 615 0 725 76 436 210 450 190 186 547 319 374 377 323 123 422 352 389 229 890
564 303 673 725 0 728 673 566 700 710 669 213 454 482 399 403 611 642 828 505 764 240
659 489 681 76 728 0 505 261 521 264 121 537 356 334 410 327 119 357 427 343 305 876
218 645 187 436 673 505 0 276 28 254 575 612 287 632 310 438 445 768 211 664 249 905
400 427 433 210 566 261 276 0 299 147 305 428 119 368 180 205 173 492 303 397 207 764
230 674 184 450 700 521 28 299 0 265 595 640 314 658 338 465 465 791 201 689 254 932
443 569 438 190 710 264 254 147 265 0 357 574 256 486 314 349 241 579 177 510 62 911
699 401 738 186 669 121 575 305 595 357 0 465 368 228 410 288 131 236 530 231 407 792
575 95 671 547 213 537 612 428 640 574 465 0 339 268 303 230 426 431 721 292 634 344
339 361 400 319 454 356 287 119 314 256 368 339 0 356 60 153 247 510 384 389 310 662
686 186 756 374 482 334 632 368 658 486 228 268 356 0 366 208 259 176 661 34 546 571
320 339 395 377 399 410 310 180 338 314 410 303 60 366 0 158 297 530 432 400 366 614
478 222 549 323 403 327 438 205 465 349 288 230 153 208 158 0 209 373 507 242 410 573
570 387 606 123 611 119 445 173 465 241 131 426 247 259 297 209 0 339 418 278 297 768
848 339 908 422 642 357 768 492 791 579 236 431 510 176 530 373 339 0 756 145 634 692
429 729 381 352 828 427 211 303 201 177 530 721 384 661 432 507 418 756 0 686 123 1045
720 205 789 389 505 343 664 397 689 510 231 292 389 34 400 242 278 145 686 0 570 582
455 630 436 229 764 305 249 207 254 62 407 634 310 546 366 410 297 634 123 570 0 969
804 390 912 890 240 876 905 764 932 911 792 344 662 571 614 573 768 692 1045 582 969 0
