0 764 196 864 280 570 383 210 442 531 775 757 304 621 509 172 556 216
764 0 758 125 499 512 381 571 344 507 222 172 974 429 309 718 208 647
196 758 0 837 268 696 397 207 414 657 713 795 216 725 461 47 560 374
864 125 837 0 589 636 482 662 428 632 183 279 1051 551 376 800 315 762
280 499 268 589 0 479 129 73 162 442 495 526 481 486 228 224 295 272
570 512 696 636 479 0 394 505 473 39 682 379 870 97 527 650 403 358
383 381 397 482 129 394 0 195 95 361 417 398 609 382 168 352 174 300
210 571 207 662 73 505 195 0 235 467 566 591 415 524 299 161 365 243
442 344 414 428 162 473 95 235 0 444 337 402 630 447 75 374 155 389
531 507 657 632 442 39 361 467 444 0 668 385 830 115 500 610 384 319
775 222 713 183 495 682 417 566 337 668 0 391 921 614 267 682 290 717
757 172 795 279 526 379 398 591 402 385 391 0 1006 286 399 750 248 599
304 974 216 1051 481 870 609 415 630 830 921 1006 0 913 675 257 775 520
621 429 725 551 486 97 382 524 447 115 614 286 913 0 490 679 350 417
509 309 461 376 228 527 168 299 75 500 267 399 675 490 0 425 157 465
172 718 47 800 224 650 352 161 374 610 682 750 257 679 425 0 518 333
556 208 560 315 295 403 174 365 155 384 290 248 775 350 157 518 0 448
216 647 374 762 272 358 300 243 389 319 717 599 520 417 465 333 448 0
