0 160 143 181 252 412 576 471 538 610 626 193 207 238 554 333 368 412 362 591 491 100
160 0 18 53 384 328 729 522 684 761 737 61 344 122 542 185 227 568 481 746 515 67
143 18 0 55 372 340 715 521 666 747 729 75 326 124 547 197 237 553 464 729 516 55
181 53 55 0 421 373 757 575 680 791 782 108 340 70 594 152 188 593 465 750 568 107
252 384 372 421 0 476 363 310 516 389 377 386 312 485 476 569 609 221 454 512 369 317
412 328 340 373 476 0 829 386 936 847 693 267 619 422 278 404 445 697 775 965 326 335
576 729 715 757 363 829 0 544 442 42 334 742 506 813 755 909 944 165 559 349 629 663
471 522 521 575 310 386 544 0 819 548 318 486 607 644 213 686 731 473 759 796 87 475
538 684 666 680 516 936 442 819 0 480 740 729 340 702 991 812 829 374 245 128 885 636
610 761 747 791 389 847 42 548 480 0 316 772 547 847 760 943 979 203 601 383 635 694
626 737 729 782 377 693 334 318 740 316 0 722 667 850 520 920 963 370 780 670 401 675
193 61 75 108 386 267 742 486 729 772 722 0 391 168 489 201 246 584 535 784 471 93
207 344 326 340 312 619 506 607 340 547 667 391 0 368 732 477 499 348 160 414 649 300
238 122 124 70 485 422 813 644 702 847 850 168 368 0 657 110 134 648 475 782 636 176
554 542 547 594 476 278 755 213 991 760 520 489 732 657 0 664 708 670 891 985 126 517
333 185 197 152 569 404 909 686 812 943 920 201 477 110 664 0 46 746 583 891 664 252
368 227 237 188 609 445 944 731 829 979 963 246 499 134 708 46 0 780 595 913 710 292
412 568 553 593 221 697 165 473 374 203 370 584 348 648 670 746 780 0 425 326 550 501
362 481 464 465 454 775 559 759 245 601 780 535 160 475 891 583 595 425 0 355 805 447
591 746 729 750 512 965 349 796 128 383 670 784 414 782 985 891 913 326 355 0 870 691
491 515 516 568 369 326 629 87 885 635 401 471 649 636 126 664 710 550 805 870 0 476
100 67 55 107 317 335 663 475 636 694 675 93 300 176 517 252 292 501 447 691 476 0
