0 726 691 233 442 505 723 103 291 430 615 24 667 867 842 500 809 904 729 773 943 516
726 0 876 676 804 361 330 639 668 585 114 740 111 722 728 364 851 871 400 284 347 211
691 876 0 462 257 948 599 624 407 338 788 714 766 360 324 945 170 278 538 678 817 773
233 676 462 0 225 577 572 164 59 213 563 256 590 646 619 574 577 673 559 637 812 489
442 804 257 225 0 779 607 388 182 222 697 464 701 533 500 776 404 510 568 684 850 649
505 361 948 577 779 0 587 459 602 610 306 509 386 927 920 5 986 1042 640 582 696 226
723 330 599 572 607 587 0 620 537 394 297 745 230 392 401 588 539 546 71 80 245 362
103 639 624 164 388 459 620 0 217 338 526 126 574 773 749 455 729 820 626 671 843 432
291 668 407 59 182 602 537 217 0 162 556 315 576 589 561 598 519 615 519 606 780 492
430 585 338 213 222 610 394 338 162 0 482 454 480 437 412 608 403 486 366 469 639 447
615 114 788 563 697 306 297 526 556 482 0 630 80 673 675 308 779 811 360 279 394 107
24 740 714 256 464 509 745 126 315 454 630 0 684 891 867 505 833 928 751 793 963 530
667 111 766 590 701 386 230 574 576 480 80 684 0 617 622 388 740 763 298 201 315 181
867 722 360 646 533 927 392 773 589 437 673 891 617 0 36 927 213 166 322 453 536 709
842 728 324 619 500 920 401 749 561 412 675 867 622 36 0 920 180 146 330 466 559 705
500 364 945 574 776 5 588 455 598 608 308 505 388 927 920 0 985 1041 641 583 699 226
809 851 170 577 404 986 539 729 519 403 779 833 740 213 180 985 0 109 470 613 726 787
904 871 278 673 510 1042 546 820 615 486 811 928 763 166 146 1041 109 0 475 612 702 833
729 400 538 559 568 640 71 626 519 366 360 751 298 322 330 641 470 475 0 143 286 415
773 284 678 637 684 582 80 671 606 469 279 793 201 453 466 583 613 612 143 0 175 362
943 347 817 812 850 696 245 843 780 639 394 963 315 536 559 699 726 702 286 175 0 495
516 211 773 489 649 226 362 432 492 447 107 530 181 709 705 226 787 833 415 362 495 0
