0 389 235 786 842 424 626 351 275 414 412 195 247 569 589 722 466 453 530 654 482 96
389 0 523 666 937 767 881 301 164 723 235 216 595 595 928 501 504 797 909 835 708 484
235 523 0 674 627 249 394 326 467 201 429 392 110 408 406 680 323 278 423 423 247 205
786 666 674 0 475 849 727 444 780 758 441 769 782 288 938 225 352 868 1053 570 607 830
842 937 627 475 0 654 403 637 981 570 712 931 695 344 658 672 434 658 836 242 406 832
424 767 249 849 654 0 286 568 691 93 674 612 179 562 165 899 509 29 204 413 262 345
626 881 394 727 403 286 0 610 854 230 717 783 401 455 255 845 459 279 440 173 174 574
351 301 326 444 637 568 610 0 358 499 109 330 430 299 711 375 203 595 749 541 436 413
275 164 467 780 981 691 854 358 0 665 339 80 513 653 856 642 551 720 805 840 689 370
414 723 201 758 570 93 230 499 665 0 607 589 175 470 212 815 422 111 296 331 170 350
412 235 429 441 712 674 717 109 339 607 0 337 529 368 819 318 288 702 850 639 544 488
195 216 392 769 931 612 783 330 80 589 337 0 433 615 777 652 510 641 725 778 622 290
247 595 110 782 695 179 401 430 513 175 529 433 0 510 343 789 430 208 323 472 293 176
569 595 408 288 344 562 455 299 653 470 368 615 510 0 651 393 106 581 766 319 320 590
589 928 406 938 658 165 255 711 856 212 819 777 343 651 0 1017 620 136 201 422 331 507
722 501 680 225 672 899 845 375 642 815 318 652 789 393 1017 0 397 923 1095 711 695 788
466 504 323 352 434 509 459 203 551 422 288 510 430 106 620 397 0 531 710 355 299 492
453 797 278 868 658 29 279 595 720 111 702 641 208 581 136 923 531 0 188 416 274 372
530 909 423 1053 836 204 440 749 805 296 850 725 323 766 201 1095 710 188 0 594 461 436
654 835 423 570 242 413 173 541 840 331 639 778 472 319 422 711 355 416 594 0 180 626
482 708 247 607 406 262 174 436 689 170 544 622 293 320 331 695 299 274 461 180 0 447
96 484 205 830 832 345 574 413 370 350 488 290 176 590 507 788 492 372 436 626 447 0
