0 586 371 558 575 539 454 423 325 593 761 824 581 354 333 233 539 456 434 225
586 0 669 529 657 218 273 438 288 496 765 983 292 429 872 714 282 356 322 613
371 669 0 304 244 740 411 731 399 363 423 453 487 241 333 201 458 728 691 146
558 529 304 0 138 682 267 774 368 62 250 456 257 214 633 483 250 735 693 383
575 657 244 138 0 793 387 855 459 194 187 328 394 281 572 444 384 828 786 366
539 218 740 682 793 0 416 247 345 664 930 1119 483 526 864 725 461 157 139 645
454 273 411 267 387 416 0 534 148 249 514 714 129 171 667 501 87 483 440 391
423 438 731 774 855 247 534 0 406 775 1020 1162 639 575 753 649 606 90 117 602
325 288 399 368 459 345 148 406 0 370 616 780 275 182 585 426 234 369 327 326
593 496 363 62 194 664 249 775 370 0 269 499 212 240 689 535 214 730 687 432
761 765 423 250 187 930 514 1020 616 269 0 268 477 449 741 624 483 984 942 552
824 983 453 456 328 1119 714 1162 780 499 268 0 710 598 689 627 706 1144 1103 599
581 292 487 257 394 483 129 639 275 212 477 710 0 267 773 608 42 577 535 496
354 429 241 214 281 526 171 575 182 240 449 598 267 0 506 342 230 548 507 230
333 872 333 633 572 864 667 753 585 689 741 689 773 506 0 165 736 789 766 277
233 714 201 483 444 725 501 649 426 535 624 627 608 342 165 0 571 670 642 112
539 282 458 250 384 461 87 606 234 214 483 706 42 230 736 571 0 547 505 459
456 356 728 735 828 157 483 90 369 730 984 1144 577 548 789 670 547 0 43 610
434 322 691 693 786 139 440 117 327 687 942 1103 535 507 766 642 505 43 0 577
225 613 146 383 366 645 391 602 326 432 552 599 496 230 277 112 459 610 577 0
