0 562 294 976 262 354 863 364 491 190 162 206 327 450 463 50 103 436 705 197
562 0 384 999 405 384 438 199 599 386 583 575 251 224 296 557 634 837 868 431
294 384 0 758 33 62 580 218 275 253 226 203 152 406 463 259 314 452 543 97
976 999 758 0 773 707 774 935 491 1008 819 772 882 1131 1199 926 920 684 306 823
262 405 33 773 0 92 613 228 285 236 195 175 163 410 462 226 281 433 548 66
354 384 62 707 92 0 531 243 235 311 271 240 181 439 501 317 366 463 508 158
863 438 580 774 613 531 0 548 601 741 802 770 552 660 734 835 894 946 787 673
364 199 218 935 228 243 548 0 478 200 390 387 65 197 265 358 436 658 751 240
491 599 275 491 285 235 601 478 0 520 344 297 416 674 735 443 452 354 274 332
190 386 253 1008 236 311 741 200 520 0 286 308 190 260 281 206 284 581 774 191
162 583 226 819 195 271 802 390 344 286 0 48 333 532 564 113 109 295 543 153
206 575 203 772 175 240 770 387 297 308 48 0 326 543 581 156 156 278 500 148
327 251 152 882 163 181 552 65 416 190 333 326 0 258 320 314 388 595 689 180
450 224 406 1131 410 439 660 197 674 260 532 543 258 0 76 465 544 821 947 400
463 296 463 1199 462 501 734 265 735 281 564 581 320 76 0 485 562 857 1006 444
50 557 259 926 226 317 835 358 443 206 113 156 314 465 485 0 80 394 655 163
103 634 314 920 281 366 894 436 452 284 109 156 388 544 562 80 0 339 636 223
436 837 452 684 433 463 946 658 354 581 295 278 595 821 857 394 339 0 378 423
705 868 543 306 548 508 787 751 274 774 543 500 689 947 1006 655 636 378 0 584
197 431 97 823 66 158 673 240 332 191 153 148 180 400 444 163 223 423 584 0
