0 245 302 842 990 587 972 1000 1133 745 491 548 589 864 814 919 618 540 435 357 558 728
245 0 448 601 807 431 815 861 1001 553 290 315 350 630 821 938 604 340 231 457 617 485
302 448 0 944 946 557 890 889 1004 739 548 654 704 941 560 651 407 584 514 91 286 850
842 601 944 0 461 456 562 653 770 333 396 298 253 81 994 1105 817 366 432 901 949 120
990 807 946 461 0 406 129 221 314 255 518 534 533 381 726 808 634 468 577 869 811 517
587 431 557 456 406 0 389 431 570 183 168 268 306 424 551 666 361 141 215 490 497 408
972 815 890 562 129 389 0 94 213 289 531 576 586 485 610 686 544 485 588 807 724 599
1000 861 889 653 221 431 94 0 140 363 586 645 660 578 551 616 517 543 640 802 697 684
1133 1001 1004 770 314 570 213 140 0 499 727 783 796 692 605 646 615 684 781 916 790 812
745 553 739 333 255 183 289 363 499 0 264 288 297 277 669 776 511 213 323 673 666 331
491 290 548 396 518 168 531 586 727 264 0 125 174 395 687 806 478 50 59 506 575 310
548 315 654 298 534 268 576 645 783 288 125 0 51 316 807 925 602 128 140 619 700 196
589 350 704 253 533 306 586 660 796 297 174 51 0 280 851 968 648 170 191 670 749 146
864 630 941 81 381 424 485 578 692 277 395 316 280 0 946 1053 779 357 439 891 921 175
814 821 560 994 726 551 610 551 605 669 687 807 851 946 0 120 218 681 704 475 276 958
919 938 651 1105 808 666 686 616 646 776 806 925 968 1053 120 0 337 798 824 571 366 1072
618 604 407 817 634 361 544 517 615 511 478 602 648 779 218 337 0 479 490 315 180 765
540 340 584 366 468 141 485 543 684 213 50 128 170 357 681 798 479 0 109 536 589 292
435 231 514 432 577 215 588 640 781 323 59 140 191 439 704 824 490 109 0 480 570 336
357 457 91 901 869 490 807 802 916 673 506 619 670 891 475 571 315 536 480 0 205 814
558 617 286 949 811 497 724 697 790 666 575 700 749 921 276 366 180 589 570 205 0 881
728 485 850 120 517 408 599 684 812 331 310 196 146 175 958 1072 765 292 336 814 881 0
