0 543 412 413 363 226 437 253 198 707 212 673 623 732 341 227 260 322
543 0 680 131 712 386 203 789 559 221 435 301 459 604 662 585 796 224
412 680 0 588 94 575 696 419 216 726 286 929 961 464 753 639 427 499
413 131 588 0 608 263 144 660 444 326 322 344 438 602 549 464 668 99
363 712 94 608 0 552 701 331 184 782 288 940 949 556 698 588 338 513
226 386 575 263 552 0 228 471 369 589 298 453 402 769 291 200 477 213
437 203 696 144 701 228 0 689 523 425 414 242 294 746 472 412 695 201
253 789 419 660 331 471 689 0 290 934 391 923 852 851 466 387 9 565
198 559 216 444 184 369 523 290 0 667 125 764 765 570 539 424 300 345
707 221 726 326 782 589 425 934 667 0 547 471 664 496 874 789 942 392
212 435 286 322 288 298 414 391 125 547 0 651 675 521 527 411 400 225
673 301 929 344 940 453 242 923 764 471 651 0 228 905 631 605 929 430
623 459 961 438 949 402 294 852 765 664 675 228 0 1039 472 484 857 487
732 604 464 602 556 769 746 851 570 496 521 905 1039 0 1038 924 859 576
341 662 753 549 698 291 472 466 539 874 527 631 472 1038 0 117 466 504
227 585 639 464 588 200 412 387 424 789 411 605 484 924 117 0 389 406
260 796 427 668 338 477 695 9 300 942 400 929 857 859 466 389 0 572
322 224 499 99 513 213 201 565 345 392 225 430 487 576 504 406 572 0
