0 375 429 841 542 225 378 468 496 866 594 245 260 155 709 689 558 802 526 526 885 233
375 0 305 728 814 430 578 95 277 501 743 557 313 404 348 348 767 594 538 808 550 351
429 305 0 1031 966 603 768 360 582 706 968 672 182 547 582 610 960 898 808 951 801 553
841 728 1031 0 776 651 606 703 452 717 519 777 980 709 649 577 637 225 340 798 581 610
542 814 966 776 0 384 247 879 737 1192 264 297 802 424 1046 994 143 884 476 31 1140 464
225 430 603 651 384 0 165 500 408 847 374 157 461 70 692 651 358 657 317 378 825 88
378 578 768 606 247 165 0 638 491 946 218 191 624 227 799 747 193 670 270 251 899 228
468 95 360 703 879 500 638 0 256 405 785 637 399 483 254 260 821 546 558 876 461 416
496 277 582 452 737 408 491 256 0 456 583 564 557 428 314 257 647 327 329 742 417 324
866 501 706 717 1192 847 946 405 456 0 1027 999 794 850 157 199 1100 493 764 1197 160 759
594 743 968 519 264 374 218 785 583 1027 0 398 834 441 896 833 121 653 265 290 949 415
245 557 672 777 297 157 191 637 564 999 398 0 505 154 843 805 332 806 436 280 981 241
260 313 182 980 802 461 624 399 557 794 834 505 0 397 651 659 811 884 712 785 860 429
155 404 547 709 424 70 227 483 428 850 441 154 397 0 694 659 415 701 382 413 841 109
709 348 582 649 1046 692 799 254 314 157 896 843 651 694 0 73 961 439 637 1049 219 605
689 348 610 577 994 651 747 260 257 199 833 805 659 659 73 0 903 369 572 998 202 564
558 767 960 637 143 358 193 821 647 1100 121 332 811 415 961 903 0 757 354 169 1034 420
802 594 898 225 884 657 670 546 327 493 653 806 884 701 439 369 757 0 408 899 356 592
526 538 808 340 476 317 270 558 329 764 265 436 712 382 637 572 354 408 0 491 684 296
526 808 951 798 31 378 251 876 742 1197 290 280 785 413 1049 998 169 899 491 0 1148 460
885 550 801 581 1140 825 899 461 417 160 949 981 860 841 219 202 1034 356 684 1148 0 740
233 351 553 610 464 88 228 416 324 759 415 241 429 109 605 564 420 592 296 460 740 0
