0 392 107 429 1047 112 440 606 614 400 700 765 160 815 78 224 393 448 676 826
392 0 395 105 800 280 327 222 300 30 670 627 500 801 428 443 577 187 489 537
107 395 0 455 970 141 361 591 568 395 597 674 259 710 183 118 289 403 595 763
429 105 455 0 879 324 432 254 378 132 775 727 508 905 448 522 667 288 587 612
1047 800 970 879 0 962 610 651 502 770 534 346 1204 560 1119 905 868 634 376 270
112 280 141 324 962 0 365 494 511 288 662 701 245 785 162 240 411 346 597 730
440 327 361 432 610 365 0 382 265 301 344 338 598 474 513 310 346 164 236 411
606 222 591 254 651 494 382 0 178 207 680 574 722 803 648 611 709 225 429 381
614 300 568 378 502 511 265 178 0 272 515 396 755 633 673 553 612 167 252 237
400 30 395 132 770 288 301 207 272 0 643 597 515 774 441 435 563 157 459 509
700 670 597 775 534 662 344 680 515 643 0 197 856 131 778 492 384 495 283 497
765 627 674 727 346 701 338 574 396 597 197 0 926 268 842 590 528 440 146 314
160 500 259 508 1204 245 598 722 755 515 856 926 0 969 85 370 527 591 834 975
815 801 710 905 560 785 474 803 633 774 131 268 969 0 893 599 469 624 389 582
78 428 183 448 1119 162 513 648 673 441 778 842 85 893 0 299 464 508 749 891
224 443 118 522 905 240 310 611 553 435 492 590 370 599 299 0 173 399 531 721
393 577 289 667 868 411 346 709 612 563 384 528 527 469 464 173 0 485 513 731
448 187 403 288 634 346 164 225 167 157 495 440 591 624 508 399 485 0 303 387
676 489 595 587 376 597 236 429 252 459 283 146 834 389 749 531 513 303 0 228
826 537 763 612 270 730 411 381 237 509 497 314 975 582 891 721 731 387 228 0
