0 879 926 799 468 816 978 1010 407 204 209 810 670 231 96 810 551 606 711 202 1068 664
879 0 637 753 852 489 415 423 629 703 697 483 371 655 833 934 451 692 468 728 540 738
926 637 0 218 570 163 273 292 519 870 727 172 358 733 835 403 422 348 251 725 237 323
799 753 218 0 383 278 463 489 411 788 621 282 401 643 703 195 401 194 288 607 453 137
468 852 570 383 0 531 735 767 237 535 354 529 499 402 375 345 401 227 456 321 776 251
816 489 163 278 531 0 206 237 416 735 610 8 197 606 730 472 280 307 106 615 256 317
978 415 273 463 735 206 0 33 596 866 769 207 310 754 899 658 427 513 285 781 129 522
1010 423 292 489 767 237 33 0 629 896 801 238 341 786 932 683 459 544 318 814 118 551
407 629 519 411 237 416 596 629 0 378 212 411 308 232 317 481 190 220 315 206 671 288
204 703 870 788 535 735 866 896 378 0 182 728 559 146 218 848 455 598 630 214 971 665
209 697 727 621 354 610 769 801 212 182 0 604 461 57 138 668 342 428 504 41 860 493
810 483 172 282 529 8 207 238 411 728 604 0 189 600 725 475 273 306 99 609 261 318
670 371 358 401 499 197 310 341 308 559 461 189 0 445 594 569 122 321 117 476 412 368
231 655 733 643 402 606 754 786 232 146 57 600 445 0 180 704 331 452 500 98 851 520
96 833 835 703 375 730 899 932 317 218 138 725 594 180 0 715 473 511 627 118 984 568
810 934 403 195 345 472 658 683 481 848 668 475 569 704 715 0 538 277 466 643 640 211
551 451 422 401 401 280 427 459 190 455 342 273 122 331 473 538 0 265 175 355 520 327
606 692 348 194 227 307 513 544 220 598 428 306 321 452 511 277 265 0 246 413 549 69
711 468 251 288 456 106 285 318 315 630 504 99 117 500 627 466 175 246 0 510 357 278
202 728 725 607 321 615 781 814 206 214 41 609 476 98 118 643 355 413 510 0 867 476
1068 540 237 453 776 256 129 118 671 971 860 261 412 851 984 640 520 549 357 867 0 541
664 738 323 137 251 317 522 551 288 665 493 318 368 520 568 211 327 69 278 476 541 0
