0 724 147 132 790 725 591 1171 1043 848 194 349 764 476 909 537 365 493 673 828 815 702
724 0 578 615 432 706 160 459 418 168 618 532 368 287 396 302 598 235 361 377 383 133
147 578 0 69 677 668 445 1027 908 702 142 273 634 333 783 401 298 349 556 705 684 557
132 615 69 0 742 736 473 1070 962 728 81 342 632 352 843 408 251 394 620 767 683 581
790 432 677 742 0 341 513 582 346 577 790 452 792 580 167 650 860 427 123 88 812 557
725 706 668 736 341 0 726 923 680 870 807 395 1023 737 502 826 934 591 349 429 1056 808
591 160 445 473 513 726 0 615 571 257 467 465 298 129 520 150 439 149 412 481 332 116
1171 459 1027 1070 582 923 615 0 256 411 1077 921 698 745 423 744 1050 679 614 494 679 540
1043 418 908 962 346 680 571 256 0 468 987 746 756 688 179 719 1002 576 408 262 755 542
848 168 702 728 577 870 257 411 468 0 716 693 294 378 505 350 657 381 522 510 287 149
194 618 142 81 790 807 467 1077 987 716 0 412 589 339 880 378 173 412 667 808 640 567
349 532 273 342 452 395 465 921 746 693 412 0 739 417 591 509 546 318 346 504 783 576
764 368 634 632 792 1023 298 698 756 294 589 739 0 325 762 238 469 439 703 744 51 236
476 287 333 352 580 737 129 745 688 378 339 417 325 0 617 93 315 156 466 565 371 229
909 396 783 843 167 502 520 423 179 505 880 591 762 617 0 669 922 480 245 88 773 529
537 302 401 408 650 826 150 744 719 350 378 509 238 93 669 0 308 238 541 626 286 205
365 598 298 251 860 934 439 1050 1002 657 173 546 469 315 922 308 0 442 738 861 519 513
493 235 349 394 427 591 149 679 576 381 412 318 439 156 480 238 442 0 311 420 477 258
673 361 556 620 123 349 412 614 408 522 667 346 703 466 245 541 738 311 0 158 729 474
828 377 705 767 88 429 481 494 262 510 808 504 744 565 88 626 861 420 158 0 761 508
815 383 684 683 812 1056 332 679 755 287 640 783 51 371 773 286 519 477 729 761 0 256
702 133 557 581 557 808 116 540 542 149 567 576 236 229 529 205 513 258 474 508 256 0
