0 865 928 564 348 148 224 463 823 617 920 818 821 721 812 96 359 387 873 178 661 810
865 0 530 308 566 723 848 455 113 377 609 675 478 476 503 872 780 481 505 808 493 304
928 530 0 512 803 789 783 752 422 348 90 226 109 207 116 879 644 620 55 974 923 236
564 308 512 0 313 418 542 241 261 182 555 547 413 347 424 564 488 177 463 533 427 305
348 566 803 313 0 252 453 120 557 455 829 780 697 611 700 399 494 189 750 244 324 615
148 723 789 418 252 0 205 350 677 470 788 697 681 582 674 156 285 242 734 212 576 663
224 848 783 542 453 205 0 540 780 525 758 636 683 584 668 132 151 387 731 382 775 716
463 455 752 241 120 350 540 0 458 411 790 763 650 575 658 504 553 193 701 363 246 544
823 113 422 261 557 677 780 458 0 281 498 562 366 365 391 819 698 437 394 789 549 192
617 377 348 182 455 470 525 411 281 0 379 365 242 165 248 588 424 274 295 636 610 195
920 609 90 555 829 788 758 790 498 379 0 152 144 218 131 863 612 642 104 982 976 307
818 675 226 547 780 697 636 763 562 365 152 0 205 208 176 751 487 592 205 902 974 374
821 478 109 413 697 681 683 650 366 242 144 205 0 100 29 775 548 512 54 865 832 174
721 476 207 347 611 582 584 575 365 165 218 208 100 0 93 675 453 424 152 769 773 192
812 503 116 424 700 674 668 658 391 248 131 176 29 93 0 763 530 514 63 862 846 200
96 872 879 564 399 156 132 504 819 588 863 751 775 675 763 0 276 392 825 269 721 783
359 780 644 488 494 285 151 553 698 424 612 487 548 453 530 276 0 370 593 492 799 604
387 481 620 177 189 242 387 193 437 274 642 592 512 424 514 392 370 0 566 368 437 450
873 505 55 463 750 734 731 701 394 295 104 205 54 152 63 825 593 566 0 919 879 203
178 808 974 533 244 212 382 363 789 636 982 902 865 769 862 269 492 368 919 0 516 818
661 493 923 427 324 576 775 246 549 610 976 974 832 773 846 721 799 437 879 516 0 693
810 304 236 305 615 663 716 544 192 195 307 374 174 192 200 783 604 450 203 818 693 0
