0 471 717 316 824 828 839 590 550 330 222 693 315 579 704 1000 396 578 493 473
471 0 268 524 727 743 840 600 197 544 395 412 605 577 611 983 242 178 31 159
717 268 0 679 667 688 823 636 199 696 585 304 774 613 579 938 371 150 239 388
316 524 679 0 537 536 527 291 480 20 145 522 98 286 429 687 310 530 529 614
824 727 667 537 0 23 182 247 544 534 603 363 605 251 125 271 523 589 707 881
828 743 688 536 23 0 159 245 562 532 607 385 601 252 136 250 535 608 724 897
839 840 823 527 182 159 0 260 675 517 630 523 569 278 243 161 612 726 826 986
590 600 636 291 247 245 260 0 459 287 374 371 358 24 154 419 363 513 590 738
550 197 199 480 544 562 675 459 0 496 393 215 575 435 436 808 175 55 172 356
330 544 696 20 534 532 517 287 496 0 165 533 87 283 428 676 328 547 548 634
222 395 585 145 603 607 630 374 393 165 0 492 211 361 482 791 219 435 405 472
693 412 304 522 363 385 523 371 215 533 492 0 619 351 282 634 299 245 386 571
315 605 774 98 605 601 569 358 575 87 211 619 0 358 505 724 403 624 613 681
579 577 613 286 251 252 278 24 435 283 361 351 358 0 148 436 340 490 566 716
704 611 579 429 125 136 243 154 436 428 482 282 505 148 0 373 399 485 593 763
1000 983 938 687 271 250 161 419 808 676 791 634 724 436 373 0 763 856 967 1134
396 242 371 310 523 535 612 363 175 328 219 299 403 340 399 763 0 221 237 376
578 178 150 530 589 608 726 513 55 547 435 245 624 490 485 856 221 0 148 332
493 31 239 529 707 724 826 590 172 548 405 386 613 566 593 967 237 148 0 185
473 159 388 614 881 897 986 738 356 634 472 571 681 716 763 1134 376 332 185 0
