0 188 933 202 827 928 262 269 28 723 846 808 563 364 391 277 729 378 123 547
188 0 747 375 643 819 174 85 196 540 705 685 519 454 394 116 548 207 308 407
933 747 0 1120 279 885 733 675 937 220 667 758 816 1127 972 664 362 568 1049 521
202 375 1120 0 988 980 462 446 212 915 941 881 735 256 381 476 883 576 146 748
827 643 279 988 0 606 695 559 839 305 388 480 891 939 764 599 113 525 950 588
928 819 885 980 606 0 970 755 953 859 219 148 1285 786 606 865 545 860 1031 1035
262 174 733 462 695 970 0 216 250 513 833 830 345 602 565 108 619 172 346 287
269 85 675 446 559 755 216 0 280 474 628 617 551 488 393 119 463 174 391 389
28 196 937 212 839 953 250 280 0 725 868 832 540 389 419 276 742 376 112 537
723 540 220 915 305 859 513 474 725 0 649 716 618 948 811 449 318 351 835 314
846 705 667 941 388 219 833 628 868 649 0 113 1123 795 602 725 332 700 962 853
808 685 758 881 480 148 830 617 832 716 113 0 1139 714 523 724 407 714 917 887
563 519 816 735 891 1285 345 551 540 618 1123 1139 0 925 909 432 849 425 592 306
364 454 1127 256 939 786 602 488 389 948 795 714 925 0 193 570 827 656 382 862
391 394 972 381 764 606 565 393 419 811 602 523 909 193 0 500 651 567 462 782
277 116 664 476 599 865 108 119 276 449 725 724 432 570 500 0 517 100 386 292
729 548 362 883 113 545 619 463 742 318 332 407 849 827 651 517 0 455 852 555
378 207 568 576 525 860 172 174 376 351 700 714 425 656 567 100 455 0 485 216
123 308 1049 146 950 1031 346 391 112 835 962 917 592 382 462 386 852 485 0 632
547 407 521 748 588 1035 287 389 537 314 853 887 306 862 782 292 555 216 632 0
