0 761 660 357 430 342 503 286 909 374 248 270 865 312 963 543 847 328
761 0 175 940 433 942 882 575 149 942 552 883 618 941 558 1045 89 503
660 175 0 790 277 794 713 535 303 789 426 741 470 798 447 881 255 363
357 940 790 0 513 22 224 621 1086 21 405 87 783 61 928 188 1029 438
430 433 277 513 0 518 454 423 575 512 182 466 466 522 538 612 521 103
342 942 794 22 518 0 245 610 1088 42 403 74 799 39 942 206 1031 440
503 882 713 224 454 245 0 711 1016 205 430 272 594 281 751 180 967 422
286 575 535 621 423 610 711 0 712 634 300 536 886 586 936 796 650 355
909 149 303 1086 575 1088 1016 712 0 1086 700 1031 684 1088 590 1184 63 649
374 942 789 21 512 42 205 634 1086 0 411 104 771 82 917 169 1030 441
248 552 426 405 182 403 430 300 700 411 0 337 631 395 718 549 640 80
270 883 741 87 466 74 272 536 1031 104 337 0 785 58 920 273 972 381
865 618 470 783 466 799 594 886 684 771 631 785 0 823 170 768 667 554
312 941 798 61 522 39 281 586 1088 82 395 58 823 0 963 243 1030 439
963 558 447 928 538 942 751 936 590 917 718 920 170 963 0 928 587 638
543 1045 881 188 612 206 180 796 1184 169 549 273 768 243 928 0 1132 561
847 89 255 1029 521 1031 967 650 63 1030 640 972 667 1030 587 1132 0 592
328 503 363 438 103 440 422 355 649 441 80 381 554 439 638 561 592 0
