0 396 685 257 806 538 285 507 258 760 305 553 206 772 182 748 449 435
396 0 576 573 1046 893 678 902 598 997 663 948 197 1026 394 945 462 726
685 576 0 942 748 858 831 1016 660 709 721 1052 563 756 820 611 251 634
257 573 942 0 968 610 315 465 417 926 424 506 423 926 182 938 705 598
806 1046 748 968 0 423 666 676 559 48 543 679 885 49 984 139 626 375
538 893 858 610 423 0 296 253 296 397 235 261 699 374 685 464 634 225
285 678 831 315 666 296 0 225 176 628 138 270 482 622 399 657 580 315
507 902 1016 465 676 253 225 0 362 650 297 46 707 627 596 712 771 415
258 598 660 417 559 296 176 362 0 515 70 402 403 522 428 521 411 184
760 997 709 926 48 397 628 650 515 0 502 656 837 51 939 109 580 331
305 663 721 424 543 235 138 297 70 502 0 335 467 502 463 523 474 179
553 948 1052 506 679 261 270 46 402 656 335 0 753 630 641 724 808 441
206 197 563 423 885 699 482 707 403 837 467 753 0 860 267 798 373 544
772 1026 756 926 49 374 622 627 522 51 502 630 860 0 948 160 619 338
182 394 820 182 984 685 399 596 428 939 463 641 267 948 0 929 603 610
748 945 611 938 139 464 657 712 521 109 523 724 798 160 929 0 506 344
449 462 251 705 626 634 580 771 411 580 474 808 373 619 603 506 0 413
435 726 634 598 375 225 315 415 184 331 179 441 544 338 610 344 413 0
