0 708 375 409 773 834 513 933 309 790 44 296 488 698 392 401 598 421
708 0 539 832 128 149 287 488 425 244 665 789 439 302 484 309 193 478
375 539 0 738 542 688 256 940 192 506 351 271 139 691 538 334 540 562
409 832 738 0 940 904 769 819 591 1006 409 703 813 660 349 572 653 359
773 128 542 940 0 214 289 597 470 125 730 807 419 429 596 387 318 594
834 149 688 904 214 0 437 393 566 336 790 934 587 284 558 435 255 545
513 287 256 769 289 437 0 730 205 278 474 518 154 494 470 209 336 482
933 488 940 819 597 393 730 0 765 721 893 1130 881 250 550 612 401 523
309 425 192 591 470 566 205 765 0 481 269 375 223 515 350 153 373 372
790 244 506 1006 125 336 278 721 481 0 750 778 371 546 673 436 421 675
44 665 351 409 730 790 474 893 269 750 0 306 457 657 357 357 555 387
296 789 271 703 807 934 518 1130 375 778 306 0 409 881 636 525 746 665
488 439 139 813 419 587 154 881 223 371 457 409 0 641 560 314 483 578
698 302 691 660 429 284 494 250 515 546 657 881 641 0 338 362 158 316
392 484 538 349 596 558 470 550 350 673 357 636 560 338 0 260 304 30
401 309 334 572 387 435 209 612 153 436 357 525 314 362 260 0 221 273
598 193 540 653 318 255 336 401 373 421 555 746 483 158 304 221 0 294
421 478 562 359 594 545 482 523 372 675 387 665 578 316 30 273 294 0
