0 597 330 589 169 689 139 249 300 366 94 916 791 359 242 602 196 668 173 806 481 467
597 0 302 317 441 1126 479 456 509 777 667 695 437 413 630 892 734 951 431 498 903 651
330 302 0 449 220 966 195 310 219 612 381 846 639 350 455 797 504 863 158 680 742 583
589 317 449 0 425 915 531 353 658 602 680 402 203 249 494 642 643 692 481 233 709 407
169 441 220 425 0 746 125 122 311 392 256 775 628 216 235 588 297 655 96 648 522 396
689 1126 966 915 746 0 812 679 990 356 717 968 1038 715 513 302 495 290 821 1003 226 510
139 479 195 531 125 812 0 246 194 471 189 895 734 339 324 690 327 757 51 760 596 514
249 456 310 353 122 679 246 0 432 324 342 668 549 111 173 487 297 553 216 560 453 279
300 509 219 658 311 990 194 432 0 659 293 1047 853 511 517 883 496 950 216 891 780 706
366 777 612 602 392 356 471 324 659 0 421 771 760 374 157 247 201 309 473 742 131 240
94 667 381 680 256 717 189 342 293 421 0 1009 882 453 318 666 228 729 235 899 524 551
916 695 846 402 775 968 895 668 1047 771 1009 0 270 561 737 668 898 683 851 201 826 531
791 437 639 203 628 1038 734 549 853 760 882 270 0 440 674 744 830 782 684 70 851 536
359 413 350 249 216 715 339 111 511 374 453 561 440 0 248 483 394 545 300 449 495 247
242 630 455 494 235 513 324 173 517 157 318 737 674 248 0 367 161 433 320 669 288 236
602 892 797 642 588 302 690 487 883 247 666 668 744 483 367 0 448 67 680 705 201 242
196 734 504 643 297 495 327 297 496 201 228 898 830 394 161 448 0 509 348 829 296 385
668 951 863 692 655 290 757 553 950 309 729 683 782 545 433 67 509 0 747 739 243 300
173 431 158 481 96 821 51 216 216 473 235 851 684 300 320 680 348 747 0 711 601 492
806 498 680 233 648 1003 760 560 891 742 899 201 70 449 669 705 829 739 711 0 826 510
481 903 742 709 522 226 596 453 780 131 524 826 851 495 288 201 296 243 601 826 0 316
467 651 583 407 396 510 514 279 706 240 551 531 536 247 236 242 385 300 492 510 316 0
