0 393 335 389 498 703 533 765 335 772 564 596 314 207 827 577 789 614
393 0 362 57 212 499 288 382 113 447 411 563 682 599 571 535 799 231
335 362 0 313 566 842 634 712 249 808 730 833 629 493 929 809 1056 572
389 57 313 0 269 556 345 411 70 494 468 616 690 596 626 588 852 264
498 212 566 269 0 287 79 311 320 274 219 399 725 682 364 371 631 194
703 499 842 556 287 0 211 439 603 250 143 269 842 846 146 254 437 413
533 288 634 345 79 211 0 343 392 252 144 333 731 703 303 306 559 252
765 382 712 411 311 439 343 0 480 210 468 661 1025 964 400 636 868 152
335 113 249 70 320 603 392 480 0 559 504 636 643 541 682 610 870 333
772 447 808 494 274 250 252 210 559 0 325 504 983 951 191 484 687 257
564 411 730 468 219 143 144 468 504 325 0 193 701 703 283 168 415 395
596 563 833 616 399 269 333 661 636 504 193 0 641 683 408 28 236 585
314 682 629 690 725 842 731 1025 643 983 701 641 0 147 984 634 753 880
207 599 493 596 682 846 703 964 541 951 703 683 147 0 982 671 832 814
827 571 929 626 364 146 303 400 682 191 283 408 984 982 0 396 542 427
577 535 809 588 371 254 306 636 610 484 168 28 634 671 396 0 264 558
789 799 1056 852 631 437 559 868 870 687 415 236 753 832 542 264 0 809
614 231 572 264 194 413 252 152 333 257 395 585 880 814 427 558 809 0
