0 427 519 44 828 339 788 936 724 384 389 900 77 738 496 367 603 813
427 0 667 393 402 169 421 535 573 465 114 484 427 409 69 160 177 391
519 667 0 547 993 498 760 936 438 202 555 955 442 670 708 508 807 907
44 393 547 0 792 319 766 910 726 399 364 870 108 720 462 346 567 782
828 402 993 792 0 539 345 297 726 803 474 200 828 420 334 517 225 134
339 169 498 319 539 0 449 600 464 296 65 573 312 401 218 28 326 494
788 421 760 766 345 449 0 177 405 604 404 210 756 94 369 421 342 213
936 535 936 910 297 600 177 0 566 780 547 98 912 267 472 573 405 181
724 573 438 726 726 464 405 566 0 376 476 615 661 314 569 450 621 605
384 465 202 399 803 296 604 780 376 0 354 784 310 522 507 307 609 727
389 114 555 364 474 65 404 547 476 354 0 515 369 367 154 47 261 433
900 484 955 870 200 573 210 98 615 784 515 0 883 303 416 547 334 98
77 427 442 108 828 312 756 912 661 310 369 883 0 699 494 339 604 801
738 409 670 720 420 401 94 267 314 522 367 303 699 0 370 375 371 294
496 69 708 462 334 218 369 472 569 507 154 416 494 370 0 202 111 323
367 160 508 346 517 28 421 573 450 307 47 547 339 375 202 0 307 469
603 177 807 567 225 326 342 405 621 609 261 334 604 371 111 307 0 237
813 391 907 782 134 494 213 181 605 727 433 98 801 294 323 469 237 0
